
SGDClassifier: 
accuracy: 0.357142857143

             precision    recall  f1-score   support

          1       0.20      0.10      0.13        20
          2       0.36      0.72      0.48        29
          3       0.44      0.18      0.26        22
          4       0.50      0.23      0.32        13

avg / total       0.36      0.36      0.31        84

predict results details:

                count  error_type   percent
target predict                             
1      1            2           0  0.100000
       2           16           1  0.800000
       3            2           2  0.100000
2      1            5           1  0.172414
       2           21           0  0.724138
       3            2           1  0.068966
       4            1           2  0.034483
3      1            2           2  0.090909
       2           14           1  0.636364
       3            4           0  0.181818
       4            2           1  0.090909
4      1            1           3  0.076923
       2            8           2  0.615385
       3            1           1  0.076923
       4            3           0  0.230769
==========================================

KNeighborsClassifier: 
accuracy: 0.369047619048

             precision    recall  f1-score   support

          1       0.67      0.10      0.17        20
          2       0.35      0.93      0.51        29
          3       0.33      0.05      0.08        22
          4       1.00      0.08      0.14        13

avg / total       0.52      0.37      0.26        84

predict results details:

                count  error_type   percent
target predict                             
1      1            2           0  0.100000
       2           17           1  0.850000
       3            1           2  0.050000
2      1            1           1  0.034483
       2           27           0  0.931034
       3            1           1  0.034483
3      2           21           1  0.954545
       3            1           0  0.045455
4      2           12           2  0.923077
       4            1           0  0.076923
==========================================
