
SGDClassifier: 
accuracy: 0.617021276596

             precision    recall  f1-score   support

          1       0.91      0.77      0.83        78
          2       0.73      0.49      0.59        49
          3       0.33      0.47      0.38        32
          4       0.40      0.59      0.47        29

avg / total       0.68      0.62      0.64       188

predict results details:

                count  error_type   percent
target predict                             
1      1           60           0  0.769231
       2            4           1  0.051282
       3            8           2  0.102564
       4            6           3  0.076923
2      1            5           1  0.102041
       2           24           0  0.489796
       3           14           1  0.285714
       4            6           2  0.122449
3      2            3           1  0.093750
       3           15           0  0.468750
       4           14           1  0.437500
4      1            1           3  0.034483
       2            2           2  0.068966
       3            9           1  0.310345
       4           17           0  0.586207
==========================================

KNeighborsClassifier: 
accuracy: 0.627659574468

             precision    recall  f1-score   support

          1       0.81      0.83      0.82        78
          2       0.72      0.53      0.61        49
          3       0.41      0.44      0.42        32
          4       0.34      0.45      0.39        29

avg / total       0.65      0.63      0.63       188

predict results details:

                count  error_type   percent
target predict                             
1      1           65           0  0.833333
       2            2           1  0.025641
       3            2           2  0.025641
       4            9           3  0.115385
2      1            6           1  0.122449
       2           26           0  0.530612
       3           12           1  0.244898
       4            5           2  0.102041
3      1            4           2  0.125000
       2            3           1  0.093750
       3           14           0  0.437500
       4           11           1  0.343750
4      1            5           3  0.172414
       2            5           2  0.172414
       3            6           1  0.206897
       4           13           0  0.448276
==========================================
