
SGDClassifier: 
accuracy: 0.336492890995

             precision    recall  f1-score   support

          1       0.24      0.16      0.20        49
          2       0.32      0.44      0.37        57
          3       0.33      0.38      0.35        52
          4       0.47      0.34      0.40        53

avg / total       0.34      0.34      0.33       211

predict results details:

                count  error_type   percent
target predict                             
1      1            8           0  0.163265
       2           25           1  0.510204
       3           12           2  0.244898
       4            4           3  0.081633
2      1            7           1  0.122807
       2           25           0  0.438596
       3           20           1  0.350877
       4            5           2  0.087719
3      1            9           2  0.173077
       2           12           1  0.230769
       3           20           0  0.384615
       4           11           1  0.211538
4      1            9           3  0.169811
       2           17           2  0.320755
       3            9           1  0.169811
       4           18           0  0.339623
==========================================

KNeighborsClassifier: 
accuracy: 0.331753554502

             precision    recall  f1-score   support

          1       0.29      0.29      0.29        49
          2       0.34      0.40      0.37        57
          3       0.31      0.31      0.31        52
          4       0.40      0.32      0.35        53

avg / total       0.33      0.33      0.33       211

predict results details:

                count  error_type   percent
target predict                             
1      1           14           0  0.285714
       2           19           1  0.387755
       3            9           2  0.183673
       4            7           3  0.142857
2      1           13           1  0.228070
       2           23           0  0.403509
       3           13           1  0.228070
       4            8           2  0.140351
3      1           10           2  0.192308
       2           15           1  0.288462
       3           16           0  0.307692
       4           11           1  0.211538
4      1           11           3  0.207547
       2           11           2  0.207547
       3           14           1  0.264151
       4           17           0  0.320755
==========================================

GaussianNB: 
accuracy: 0.327014218009

             precision    recall  f1-score   support

          1       0.23      0.24      0.24        49
          2       0.35      0.39      0.37        57
          3       0.30      0.27      0.29        52
          4       0.42      0.40      0.41        53

avg / total       0.33      0.33      0.33       211

predict results details:

                count  error_type   percent
target predict                             
1      1           12           0  0.244898
       2           21           1  0.428571
       3            9           2  0.183673
       4            7           3  0.142857
2      1           14           1  0.245614
       2           22           0  0.385965
       3           13           1  0.228070
       4            8           2  0.140351
3      1           11           2  0.211538
       2           13           1  0.250000
       3           14           0  0.269231
       4           14           1  0.269231
4      1           15           3  0.283019
       2            7           2  0.132075
       3           10           1  0.188679
       4           21           0  0.396226
==========================================

DecisionTreeClassifier: 
accuracy: 0.327014218009

             precision    recall  f1-score   support

          1       0.23      0.24      0.24        49
          2       0.35      0.39      0.37        57
          3       0.30      0.27      0.29        52
          4       0.42      0.40      0.41        53

avg / total       0.33      0.33      0.33       211

predict results details:

                count  error_type   percent
target predict                             
1      1           12           0  0.244898
       2           21           1  0.428571
       3            9           2  0.183673
       4            7           3  0.142857
2      1           14           1  0.245614
       2           22           0  0.385965
       3           13           1  0.228070
       4            8           2  0.140351
3      1           11           2  0.211538
       2           13           1  0.250000
       3           14           0  0.269231
       4           14           1  0.269231
4      1           15           3  0.283019
       2            7           2  0.132075
       3           10           1  0.188679
       4           21           0  0.396226
==========================================

GradientBoostingClassifier: 
accuracy: 0.327014218009

             precision    recall  f1-score   support

          1       0.23      0.24      0.24        49
          2       0.35      0.39      0.37        57
          3       0.30      0.27      0.29        52
          4       0.42      0.40      0.41        53

avg / total       0.33      0.33      0.33       211

predict results details:

                count  error_type   percent
target predict                             
1      1           12           0  0.244898
       2           21           1  0.428571
       3            9           2  0.183673
       4            7           3  0.142857
2      1           14           1  0.245614
       2           22           0  0.385965
       3           13           1  0.228070
       4            8           2  0.140351
3      1           11           2  0.211538
       2           13           1  0.250000
       3           14           0  0.269231
       4           14           1  0.269231
4      1           15           3  0.283019
       2            7           2  0.132075
       3           10           1  0.188679
       4           21           0  0.396226
==========================================

MLPClassifier: 
accuracy: 0.327014218009

             precision    recall  f1-score   support

          1       0.23      0.24      0.24        49
          2       0.35      0.39      0.37        57
          3       0.30      0.27      0.29        52
          4       0.42      0.40      0.41        53

avg / total       0.33      0.33      0.33       211

predict results details:

                count  error_type   percent
target predict                             
1      1           12           0  0.244898
       2           21           1  0.428571
       3            9           2  0.183673
       4            7           3  0.142857
2      1           14           1  0.245614
       2           22           0  0.385965
       3           13           1  0.228070
       4            8           2  0.140351
3      1           11           2  0.211538
       2           13           1  0.250000
       3           14           0  0.269231
       4           14           1  0.269231
4      1           15           3  0.283019
       2            7           2  0.132075
       3           10           1  0.188679
       4           21           0  0.396226
==========================================
