
SGDClassifier: 
accuracy: 0.324675324675

             precision    recall  f1-score   support

          1       0.21      0.27      0.24        15
          2       0.45      0.39      0.42        23
          3       0.27      0.14      0.18        22
          4       0.33      0.53      0.41        17

avg / total       0.33      0.32      0.31        77

predict results details:

                count  error_type   percent
target predict                             
1      1            4           0  0.266667
       2            6           1  0.400000
       3            3           2  0.200000
       4            2           3  0.133333
2      1            4           1  0.173913
       2            9           0  0.391304
       3            2           1  0.086957
       4            8           2  0.347826
3      1            7           2  0.318182
       2            4           1  0.181818
       3            3           0  0.136364
       4            8           1  0.363636
4      1            4           3  0.235294
       2            1           2  0.058824
       3            3           1  0.176471
       4            9           0  0.529412
==========================================

KNeighborsClassifier: 
accuracy: 0.220779220779

             precision    recall  f1-score   support

          1       0.12      0.20      0.15        15
          2       0.45      0.39      0.42        23
          3       0.15      0.18      0.17        22
          4       0.20      0.06      0.09        17

avg / total       0.25      0.22      0.22        77

predict results details:

                count  error_type   percent
target predict                             
1      1            3           0  0.200000
       2            3           1  0.200000
       3            9           2  0.600000
2      1            6           1  0.260870
       2            9           0  0.391304
       3            7           1  0.304348
       4            1           2  0.043478
3      1            9           2  0.409091
       2            6           1  0.272727
       3            4           0  0.181818
       4            3           1  0.136364
4      1            8           3  0.470588
       2            2           2  0.117647
       3            6           1  0.352941
       4            1           0  0.058824
==========================================
