
SGDClassifier: 
accuracy: 0.48

             precision    recall  f1-score   support

          1       0.45      0.42      0.43        12
          2       0.60      0.30      0.40        10
          3       0.75      0.40      0.52        15
          4       0.38      0.77      0.51        13

avg / total       0.55      0.48      0.47        50

predict results details:

                count  error_type   percent
target predict                             
1      1            5           0  0.416667
       2            2           1  0.166667
       3            1           2  0.083333
       4            4           3  0.333333
2      1            3           1  0.300000
       2            3           0  0.300000
       4            4           2  0.400000
3      1            1           2  0.066667
       3            6           0  0.400000
       4            8           1  0.533333
4      1            2           3  0.153846
       3            1           1  0.076923
       4           10           0  0.769231
==========================================

KNeighborsClassifier: 
accuracy: 0.28

             precision    recall  f1-score   support

          1       0.11      0.08      0.10        12
          2       0.12      0.10      0.11        10
          3       0.33      0.27      0.30        15
          4       0.38      0.62      0.47        13

avg / total       0.25      0.28      0.26        50

predict results details:

                count  error_type   percent
target predict                             
1      1            1           0  0.083333
       2            1           1  0.083333
       3            4           2  0.333333
       4            6           3  0.500000
2      1            5           1  0.500000
       2            1           0  0.100000
       3            2           1  0.200000
       4            2           2  0.200000
3      1            2           2  0.133333
       2            4           1  0.266667
       3            4           0  0.266667
       4            5           1  0.333333
4      1            1           3  0.076923
       2            2           2  0.153846
       3            2           1  0.153846
       4            8           0  0.615385
==========================================
