
SGDClassifier: 
accuracy: 0.47311827957

             precision    recall  f1-score   support

          1       0.33      0.14      0.20        14
          2       0.40      0.24      0.30        17
          3       0.38      0.26      0.31        23
          4       0.52      0.82      0.64        39

avg / total       0.44      0.47      0.43        93

predict results details:

                count  error_type   percent
target predict                             
1      1            2           0  0.142857
       2            3           1  0.214286
       3            5           2  0.357143
       4            4           3  0.285714
2      1            3           1  0.176471
       2            4           0  0.235294
       4           10           2  0.588235
3      2            2           1  0.086957
       3            6           0  0.260870
       4           15           1  0.652174
4      1            1           3  0.025641
       2            1           2  0.025641
       3            5           1  0.128205
       4           32           0  0.820513
==========================================

KNeighborsClassifier: 
accuracy: 0.408602150538

             precision    recall  f1-score   support

          1       0.40      0.14      0.21        14
          2       0.18      0.24      0.21        17
          3       0.44      0.17      0.25        23
          4       0.49      0.72      0.58        39

avg / total       0.41      0.41      0.38        93

predict results details:

                count  error_type   percent
target predict                             
1      1            2           0  0.142857
       2            6           1  0.428571
       3            3           2  0.214286
       4            3           3  0.214286
2      1            1           1  0.058824
       2            4           0  0.235294
       4           12           2  0.705882
3      1            1           2  0.043478
       2            4           1  0.173913
       3            4           0  0.173913
       4           14           1  0.608696
4      1            1           3  0.025641
       2            8           2  0.205128
       3            2           1  0.051282
       4           28           0  0.717949
==========================================
