
SGDClassifier: 
accuracy: 0.40625

             precision    recall  f1-score   support

          1       0.33      0.12      0.18        16
          2       0.18      0.27      0.21        11
          3       0.55      0.35      0.43        17
          4       0.50      0.75      0.60        20

avg / total       0.41      0.41      0.38        64

predict results details:

                count  error_type   percent
target predict                             
1      1            2           0  0.125000
       2            8           1  0.500000
       3            2           2  0.125000
       4            4           3  0.250000
2      1            3           1  0.272727
       2            3           0  0.272727
       3            1           1  0.090909
       4            4           2  0.363636
3      2            4           1  0.235294
       3            6           0  0.352941
       4            7           1  0.411765
4      1            1           3  0.050000
       2            2           2  0.100000
       3            2           1  0.100000
       4           15           0  0.750000
==========================================

KNeighborsClassifier: 
accuracy: 0.40625

             precision    recall  f1-score   support

          1       0.44      0.25      0.32        16
          2       0.25      0.27      0.26        11
          3       0.33      0.24      0.28        17
          4       0.48      0.75      0.59        20

avg / total       0.39      0.41      0.38        64

predict results details:

                count  error_type   percent
target predict                             
1      1            4           0  0.250000
       2            5           1  0.312500
       3            2           2  0.125000
       4            5           3  0.312500
2      1            2           1  0.181818
       2            3           0  0.272727
       3            2           1  0.181818
       4            4           2  0.363636
3      1            2           2  0.117647
       2            4           1  0.235294
       3            4           0  0.235294
       4            7           1  0.411765
4      1            1           3  0.050000
       3            4           1  0.200000
       4           15           0  0.750000
==========================================

GaussianNB: 
accuracy: 0.46875

             precision    recall  f1-score   support

          1       0.67      0.25      0.36        16
          2       0.31      0.36      0.33        11
          3       0.47      0.41      0.44        17
          4       0.50      0.75      0.60        20

avg / total       0.50      0.47      0.45        64

predict results details:

                count  error_type   percent
target predict                             
1      1            4           0  0.250000
       2            5           1  0.312500
       3            3           2  0.187500
       4            4           3  0.250000
2      1            1           1  0.090909
       2            4           0  0.363636
       3            2           1  0.181818
       4            4           2  0.363636
3      2            3           1  0.176471
       3            7           0  0.411765
       4            7           1  0.411765
4      1            1           3  0.050000
       2            1           2  0.050000
       3            3           1  0.150000
       4           15           0  0.750000
==========================================

DecisionTreeClassifier: 
accuracy: 0.484375

             precision    recall  f1-score   support

          1       0.67      0.25      0.36        16
          2       0.31      0.36      0.33        11
          3       0.50      0.41      0.45        17
          4       0.52      0.80      0.63        20

avg / total       0.51      0.48      0.46        64

predict results details:

                count  error_type   percent
target predict                             
1      1            4           0  0.250000
       2            5           1  0.312500
       3            3           2  0.187500
       4            4           3  0.250000
2      1            1           1  0.090909
       2            4           0  0.363636
       3            2           1  0.181818
       4            4           2  0.363636
3      2            3           1  0.176471
       3            7           0  0.411765
       4            7           1  0.411765
4      1            1           3  0.050000
       2            1           2  0.050000
       3            2           1  0.100000
       4           16           0  0.800000
==========================================

GradientBoostingClassifier: 
accuracy: 0.484375

             precision    recall  f1-score   support

          1       0.67      0.25      0.36        16
          2       0.31      0.36      0.33        11
          3       0.50      0.41      0.45        17
          4       0.52      0.80      0.63        20

avg / total       0.51      0.48      0.46        64

predict results details:

                count  error_type   percent
target predict                             
1      1            4           0  0.250000
       2            5           1  0.312500
       3            3           2  0.187500
       4            4           3  0.250000
2      1            1           1  0.090909
       2            4           0  0.363636
       3            2           1  0.181818
       4            4           2  0.363636
3      2            3           1  0.176471
       3            7           0  0.411765
       4            7           1  0.411765
4      1            1           3  0.050000
       2            1           2  0.050000
       3            2           1  0.100000
       4           16           0  0.800000
==========================================

MLPClassifier: 
accuracy: 0.484375

             precision    recall  f1-score   support

          1       0.67      0.25      0.36        16
          2       0.31      0.36      0.33        11
          3       0.47      0.41      0.44        17
          4       0.53      0.80      0.64        20

avg / total       0.51      0.48      0.46        64

predict results details:

                count  error_type   percent
target predict                             
1      1            4           0  0.250000
       2            5           1  0.312500
       3            4           2  0.250000
       4            3           3  0.187500
2      1            1           1  0.090909
       2            4           0  0.363636
       3            2           1  0.181818
       4            4           2  0.363636
3      2            3           1  0.176471
       3            7           0  0.411765
       4            7           1  0.411765
4      1            1           3  0.050000
       2            1           2  0.050000
       3            2           1  0.100000
       4           16           0  0.800000
==========================================
