
SGDClassifier: 
accuracy: 0.45652173913

             precision    recall  f1-score   support

          1       0.25      0.08      0.12        13
          2       0.25      0.29      0.27        17
          3       0.43      0.13      0.20        23
          4       0.54      0.85      0.66        39

avg / total       0.42      0.46      0.40        92

predict results details:

                count  error_type   percent
target predict                             
1      1            1           0  0.076923
       2            5           1  0.384615
       3            3           2  0.230769
       4            4           3  0.307692
2      1            2           1  0.117647
       2            5           0  0.294118
       4           10           2  0.588235
3      1            1           2  0.043478
       2            5           1  0.217391
       3            3           0  0.130435
       4           14           1  0.608696
4      2            5           2  0.128205
       3            1           1  0.025641
       4           33           0  0.846154
==========================================

KNeighborsClassifier: 
accuracy: 0.45652173913

             precision    recall  f1-score   support

          1       0.25      0.08      0.12        13
          2       0.36      0.24      0.29        17
          3       0.33      0.26      0.29        23
          4       0.53      0.79      0.63        39

avg / total       0.41      0.46      0.41        92

predict results details:

                count  error_type   percent
target predict                             
1      1            1           0  0.076923
       2            2           1  0.153846
       3            4           2  0.307692
       4            6           3  0.461538
2      1            2           1  0.117647
       2            4           0  0.235294
       3            2           1  0.117647
       4            9           2  0.529412
3      1            1           2  0.043478
       2            3           1  0.130435
       3            6           0  0.260870
       4           13           1  0.565217
4      2            2           2  0.051282
       3            6           1  0.153846
       4           31           0  0.794872
==========================================

GaussianNB: 
accuracy: 0.467391304348

             precision    recall  f1-score   support

          1       0.20      0.08      0.11        13
          2       0.36      0.24      0.29        17
          3       0.38      0.39      0.38        23
          4       0.56      0.74      0.64        39

avg / total       0.43      0.47      0.43        92

predict results details:

                count  error_type   percent
target predict                             
1      1            1           0  0.076923
       2            2           1  0.153846
       3            6           2  0.461538
       4            4           3  0.307692
2      1            3           1  0.176471
       2            4           0  0.235294
       3            1           1  0.058824
       4            9           2  0.529412
3      1            1           2  0.043478
       2            3           1  0.130435
       3            9           0  0.391304
       4           10           1  0.434783
4      2            2           2  0.051282
       3            8           1  0.205128
       4           29           0  0.743590
==========================================

DecisionTreeClassifier: 
accuracy: 0.467391304348

             precision    recall  f1-score   support

          1       0.20      0.08      0.11        13
          2       0.36      0.24      0.29        17
          3       0.38      0.39      0.38        23
          4       0.56      0.74      0.64        39

avg / total       0.43      0.47      0.43        92

predict results details:

                count  error_type   percent
target predict                             
1      1            1           0  0.076923
       2            2           1  0.153846
       3            6           2  0.461538
       4            4           3  0.307692
2      1            3           1  0.176471
       2            4           0  0.235294
       3            1           1  0.058824
       4            9           2  0.529412
3      1            1           2  0.043478
       2            3           1  0.130435
       3            9           0  0.391304
       4           10           1  0.434783
4      2            2           2  0.051282
       3            8           1  0.205128
       4           29           0  0.743590
==========================================

GradientBoostingClassifier: 
accuracy: 0.467391304348

             precision    recall  f1-score   support

          1       0.20      0.08      0.11        13
          2       0.36      0.24      0.29        17
          3       0.38      0.39      0.38        23
          4       0.56      0.74      0.64        39

avg / total       0.43      0.47      0.43        92

predict results details:

                count  error_type   percent
target predict                             
1      1            1           0  0.076923
       2            2           1  0.153846
       3            6           2  0.461538
       4            4           3  0.307692
2      1            3           1  0.176471
       2            4           0  0.235294
       3            1           1  0.058824
       4            9           2  0.529412
3      1            1           2  0.043478
       2            3           1  0.130435
       3            9           0  0.391304
       4           10           1  0.434783
4      2            2           2  0.051282
       3            8           1  0.205128
       4           29           0  0.743590
==========================================

MLPClassifier: 
accuracy: 0.467391304348

             precision    recall  f1-score   support

          1       0.20      0.08      0.11        13
          2       0.36      0.24      0.29        17
          3       0.38      0.39      0.38        23
          4       0.56      0.74      0.64        39

avg / total       0.43      0.47      0.43        92

predict results details:

                count  error_type   percent
target predict                             
1      1            1           0  0.076923
       2            2           1  0.153846
       3            6           2  0.461538
       4            4           3  0.307692
2      1            3           1  0.176471
       2            4           0  0.235294
       3            1           1  0.058824
       4            9           2  0.529412
3      1            1           2  0.043478
       2            3           1  0.130435
       3            9           0  0.391304
       4           10           1  0.434783
4      2            2           2  0.051282
       3            8           1  0.205128
       4           29           0  0.743590
==========================================
