
SGDClassifier: 
accuracy: 0.473958333333

             precision    recall  f1-score   support

          1       0.49      0.54      0.51        54
          2       0.44      0.42      0.43        55
          3       0.33      0.30      0.32        40
          4       0.60      0.63      0.61        43

avg / total       0.47      0.47      0.47       192

predict results details:

                count  error_type   percent
target predict                             
1      1           29           0  0.537037
       2           16           1  0.296296
       3            4           2  0.074074
       4            5           3  0.092593
2      1           17           1  0.309091
       2           23           0  0.418182
       3           11           1  0.200000
       4            4           2  0.072727
3      1           11           2  0.275000
       2            8           1  0.200000
       3           12           0  0.300000
       4            9           1  0.225000
4      1            2           3  0.046512
       2            5           2  0.116279
       3            9           1  0.209302
       4           27           0  0.627907
==========================================

KNeighborsClassifier: 
accuracy: 0.458333333333

             precision    recall  f1-score   support

          1       0.54      0.52      0.53        54
          2       0.37      0.27      0.31        55
          3       0.36      0.40      0.38        40
          4       0.53      0.67      0.59        43

avg / total       0.45      0.46      0.45       192

predict results details:

                count  error_type   percent
target predict                             
1      1           28           0  0.518519
       2           12           1  0.222222
       3            5           2  0.092593
       4            9           3  0.166667
2      1           14           1  0.254545
       2           15           0  0.272727
       3           17           1  0.309091
       4            9           2  0.163636
3      1            7           2  0.175000
       2            9           1  0.225000
       3           16           0  0.400000
       4            8           1  0.200000
4      1            3           3  0.069767
       2            5           2  0.116279
       3            6           1  0.139535
       4           29           0  0.674419
==========================================
