
SGDClassifier: 
accuracy: 0.521126760563

             precision    recall  f1-score   support

          1       0.94      0.62      0.74        26
          2       0.36      0.82      0.50        17
          3       0.00      0.00      0.00        15
          4       0.47      0.54      0.50        13

avg / total       0.52      0.52      0.48        71

predict results details:

                count  error_type   percent
target predict                             
1      1           16           0  0.615385
       2            7           1  0.269231
       4            3           3  0.115385
2      1            1           1  0.058824
       2           14           0  0.823529
       4            2           2  0.117647
3      2           12           1  0.800000
       4            3           1  0.200000
4      2            6           2  0.461538
       4            7           0  0.538462
==========================================

KNeighborsClassifier: 
accuracy: 0.56338028169

             precision    recall  f1-score   support

          1       0.77      0.65      0.71        26
          2       0.47      0.41      0.44        17
          3       0.36      0.27      0.31        15
          4       0.52      0.92      0.67        13

avg / total       0.57      0.56      0.55        71

predict results details:

                count  error_type   percent
target predict                             
1      1           17           0  0.653846
       2            2           1  0.076923
       3            3           2  0.115385
       4            4           3  0.153846
2      1            5           1  0.294118
       2            7           0  0.411765
       3            3           1  0.176471
       4            2           2  0.117647
3      2            6           1  0.400000
       3            4           0  0.266667
       4            5           1  0.333333
4      3            1           1  0.076923
       4           12           0  0.923077
==========================================

GaussianNB: 
accuracy: 0.535211267606

             precision    recall  f1-score   support

          1       0.88      0.58      0.70        26
          2       0.42      0.47      0.44        17
          3       0.31      0.27      0.29        15
          4       0.50      0.85      0.63        13

avg / total       0.58      0.54      0.54        71

predict results details:

                count  error_type   percent
target predict                             
1      1           15           0  0.576923
       2            5           1  0.192308
       3            2           2  0.076923
       4            4           3  0.153846
2      1            2           1  0.117647
       2            8           0  0.470588
       3            5           1  0.294118
       4            2           2  0.117647
3      2            6           1  0.400000
       3            4           0  0.266667
       4            5           1  0.333333
4      3            2           1  0.153846
       4           11           0  0.846154
==========================================

DecisionTreeClassifier: 
accuracy: 0.521126760563

             precision    recall  f1-score   support

          1       0.83      0.58      0.68        26
          2       0.39      0.41      0.40        17
          3       0.33      0.27      0.30        15
          4       0.48      0.85      0.61        13

avg / total       0.56      0.52      0.52        71

predict results details:

                count  error_type   percent
target predict                             
1      1           15           0  0.576923
       2            5           1  0.192308
       3            1           2  0.038462
       4            5           3  0.192308
2      1            3           1  0.176471
       2            7           0  0.411765
       3            5           1  0.294118
       4            2           2  0.117647
3      2            6           1  0.400000
       3            4           0  0.266667
       4            5           1  0.333333
4      3            2           1  0.153846
       4           11           0  0.846154
==========================================

GradientBoostingClassifier: 
accuracy: 0.521126760563

             precision    recall  f1-score   support

          1       0.83      0.58      0.68        26
          2       0.39      0.41      0.40        17
          3       0.33      0.27      0.30        15
          4       0.48      0.85      0.61        13

avg / total       0.56      0.52      0.52        71

predict results details:

                count  error_type   percent
target predict                             
1      1           15           0  0.576923
       2            5           1  0.192308
       3            1           2  0.038462
       4            5           3  0.192308
2      1            3           1  0.176471
       2            7           0  0.411765
       3            5           1  0.294118
       4            2           2  0.117647
3      2            6           1  0.400000
       3            4           0  0.266667
       4            5           1  0.333333
4      3            2           1  0.153846
       4           11           0  0.846154
==========================================

MLPClassifier: 
accuracy: 0.507042253521

             precision    recall  f1-score   support

          1       0.79      0.58      0.67        26
          2       0.41      0.41      0.41        17
          3       0.29      0.13      0.18        15
          4       0.43      0.92      0.59        13

avg / total       0.53      0.51      0.49        71

predict results details:

                count  error_type   percent
target predict                             
1      1           15           0  0.576923
       2            4           1  0.153846
       3            1           2  0.038462
       4            6           3  0.230769
2      1            4           1  0.235294
       2            7           0  0.411765
       3            3           1  0.176471
       4            3           2  0.176471
3      2            6           1  0.400000
       3            2           0  0.133333
       4            7           1  0.466667
4      3            1           1  0.076923
       4           12           0  0.923077
==========================================
