
SGDClassifier: 
accuracy: 0.450704225352

             precision    recall  f1-score   support

          1       0.75      0.58      0.65        26
          2       0.41      0.41      0.41        17
          3       0.14      0.13      0.14        15
          4       0.40      0.62      0.48        13

avg / total       0.48      0.45      0.46        71

predict results details:

                count  error_type   percent
target predict                             
1      1           15           0  0.576923
       2            5           1  0.192308
       3            2           2  0.076923
       4            4           3  0.153846
2      1            2           1  0.117647
       2            7           0  0.411765
       3            5           1  0.294118
       4            3           2  0.176471
3      1            3           2  0.200000
       2            5           1  0.333333
       3            2           0  0.133333
       4            5           1  0.333333
4      3            5           1  0.384615
       4            8           0  0.615385
==========================================

KNeighborsClassifier: 
accuracy: 0.478873239437

             precision    recall  f1-score   support

          1       0.59      0.77      0.67        26
          2       0.38      0.18      0.24        17
          3       0.36      0.27      0.31        15
          4       0.39      0.54      0.45        13

avg / total       0.45      0.48      0.45        71

predict results details:

                count  error_type   percent
target predict                             
1      1           20           0  0.769231
       2            3           1  0.115385
       3            1           2  0.038462
       4            2           3  0.076923
2      1            7           1  0.411765
       2            3           0  0.176471
       3            3           1  0.176471
       4            4           2  0.235294
3      1            4           2  0.266667
       2            2           1  0.133333
       3            4           0  0.266667
       4            5           1  0.333333
4      1            3           3  0.230769
       3            3           1  0.230769
       4            7           0  0.538462
==========================================
