
SGDClassifier: 
accuracy: 0.5

             precision    recall  f1-score   support

          1       0.55      0.21      0.30        29
          2       0.48      0.39      0.43        31
          3       0.49      0.82      0.62        44
          4       0.67      0.25      0.36         8

avg / total       0.52      0.50      0.46       112

predict results details:

                count  error_type   percent
target predict                             
1      1            6           0  0.206897
       2            8           1  0.275862
       3           15           2  0.517241
2      1            2           1  0.064516
       2           12           0  0.387097
       3           17           1  0.548387
3      1            3           2  0.068182
       2            4           1  0.090909
       3           36           0  0.818182
       4            1           1  0.022727
4      2            1           2  0.125000
       3            5           1  0.625000
       4            2           0  0.250000
==========================================

KNeighborsClassifier: 
accuracy: 0.419642857143

             precision    recall  f1-score   support

          1       0.40      0.14      0.21        29
          2       0.33      0.16      0.22        31
          3       0.44      0.86      0.58        44
          4       0.00      0.00      0.00         8

avg / total       0.37      0.42      0.34       112

predict results details:

                count  error_type   percent
target predict                             
1      1            4           0  0.137931
       2            6           1  0.206897
       3           19           2  0.655172
2      1            3           1  0.096774
       2            5           0  0.161290
       3           23           1  0.741935
3      1            3           2  0.068182
       2            3           1  0.068182
       3           38           0  0.863636
4      2            1           2  0.125000
       3            7           1  0.875000
==========================================

GaussianNB: 
accuracy: 0.482142857143

             precision    recall  f1-score   support

          1       0.44      0.14      0.21        29
          2       0.45      0.29      0.35        31
          3       0.47      0.86      0.61        44
          4       1.00      0.38      0.55         8

avg / total       0.50      0.48      0.43       112

predict results details:

                count  error_type   percent
target predict                             
1      1            4           0  0.137931
       2            7           1  0.241379
       3           18           2  0.620690
2      1            2           1  0.064516
       2            9           0  0.290323
       3           20           1  0.645161
3      1            3           2  0.068182
       2            3           1  0.068182
       3           38           0  0.863636
4      2            1           2  0.125000
       3            4           1  0.500000
       4            3           0  0.375000
==========================================

DecisionTreeClassifier: 
accuracy: 0.473214285714

             precision    recall  f1-score   support

          1       0.44      0.14      0.21        29
          2       0.42      0.26      0.32        31
          3       0.47      0.86      0.61        44
          4       0.75      0.38      0.50         8

avg / total       0.47      0.47      0.42       112

predict results details:

                count  error_type   percent
target predict                             
1      1            4           0  0.137931
       2            7           1  0.241379
       3           18           2  0.620690
2      1            2           1  0.064516
       2            8           0  0.258065
       3           20           1  0.645161
       4            1           2  0.032258
3      1            3           2  0.068182
       2            3           1  0.068182
       3           38           0  0.863636
4      2            1           2  0.125000
       3            4           1  0.500000
       4            3           0  0.375000
==========================================

GradientBoostingClassifier: 
accuracy: 0.473214285714

             precision    recall  f1-score   support

          1       0.44      0.14      0.21        29
          2       0.42      0.26      0.32        31
          3       0.47      0.86      0.61        44
          4       0.75      0.38      0.50         8

avg / total       0.47      0.47      0.42       112

predict results details:

                count  error_type   percent
target predict                             
1      1            4           0  0.137931
       2            7           1  0.241379
       3           18           2  0.620690
2      1            2           1  0.064516
       2            8           0  0.258065
       3           20           1  0.645161
       4            1           2  0.032258
3      1            3           2  0.068182
       2            3           1  0.068182
       3           38           0  0.863636
4      2            1           2  0.125000
       3            4           1  0.500000
       4            3           0  0.375000
==========================================

MLPClassifier: 
accuracy: 0.464285714286

             precision    recall  f1-score   support

          1       0.44      0.14      0.21        29
          2       0.42      0.26      0.32        31
          3       0.46      0.84      0.60        44
          4       0.75      0.38      0.50         8

avg / total       0.47      0.46      0.41       112

predict results details:

                count  error_type   percent
target predict                             
1      1            4           0  0.137931
       2            7           1  0.241379
       3           18           2  0.620690
2      1            2           1  0.064516
       2            8           0  0.258065
       3           21           1  0.677419
3      1            3           2  0.068182
       2            3           1  0.068182
       3           37           0  0.840909
       4            1           1  0.022727
4      2            1           2  0.125000
       3            4           1  0.500000
       4            3           0  0.375000
==========================================
