
SGDClassifier: 
accuracy: 0.408450704225

             precision    recall  f1-score   support

          1       0.33      0.46      0.39        35
          2       0.37      0.43      0.40        42
          3       0.33      0.13      0.19        30
          4       0.61      0.57      0.59        35

avg / total       0.41      0.41      0.40       142

predict results details:

                count  error_type   percent
target predict                             
1      1           16           0  0.457143
       2           12           1  0.342857
       3            2           2  0.057143
       4            5           3  0.142857
2      1           17           1  0.404762
       2           18           0  0.428571
       3            3           1  0.071429
       4            4           2  0.095238
3      1           10           2  0.333333
       2           12           1  0.400000
       3            4           0  0.133333
       4            4           1  0.133333
4      1            5           3  0.142857
       2            7           2  0.200000
       3            3           1  0.085714
       4           20           0  0.571429
==========================================

KNeighborsClassifier: 
accuracy: 0.387323943662

             precision    recall  f1-score   support

          1       0.43      0.46      0.44        35
          2       0.39      0.50      0.44        42
          3       0.19      0.20      0.20        30
          4       0.60      0.34      0.44        35

avg / total       0.41      0.39      0.39       142

predict results details:

                count  error_type   percent
target predict                             
1      1           16           0  0.457143
       2           12           1  0.342857
       3            4           2  0.114286
       4            3           3  0.085714
2      1           10           1  0.238095
       2           21           0  0.500000
       3            9           1  0.214286
       4            2           2  0.047619
3      1            8           2  0.266667
       2           13           1  0.433333
       3            6           0  0.200000
       4            3           1  0.100000
4      1            3           3  0.085714
       2            8           2  0.228571
       3           12           1  0.342857
       4           12           0  0.342857
==========================================

GaussianNB: 
accuracy: 0.387323943662

             precision    recall  f1-score   support

          1       0.38      0.46      0.42        35
          2       0.37      0.45      0.40        42
          3       0.27      0.23      0.25        30
          4       0.59      0.37      0.46        35

avg / total       0.40      0.39      0.39       142

predict results details:

                count  error_type   percent
target predict                             
1      1           16           0  0.457143
       2           12           1  0.342857
       3            4           2  0.114286
       4            3           3  0.085714
2      1           15           1  0.357143
       2           19           0  0.452381
       3            5           1  0.119048
       4            3           2  0.071429
3      1            8           2  0.266667
       2           12           1  0.400000
       3            7           0  0.233333
       4            3           1  0.100000
4      1            3           3  0.085714
       2            9           2  0.257143
       3           10           1  0.285714
       4           13           0  0.371429
==========================================

DecisionTreeClassifier: 
accuracy: 0.415492957746

             precision    recall  f1-score   support

          1       0.42      0.46      0.44        35
          2       0.41      0.55      0.47        42
          3       0.27      0.23      0.25        30
          4       0.59      0.37      0.46        35

avg / total       0.43      0.42      0.41       142

predict results details:

                count  error_type   percent
target predict                             
1      1           16           0  0.457143
       2           12           1  0.342857
       3            4           2  0.114286
       4            3           3  0.085714
2      1           11           1  0.261905
       2           23           0  0.547619
       3            5           1  0.119048
       4            3           2  0.071429
3      1            8           2  0.266667
       2           12           1  0.400000
       3            7           0  0.233333
       4            3           1  0.100000
4      1            3           3  0.085714
       2            9           2  0.257143
       3           10           1  0.285714
       4           13           0  0.371429
==========================================

GradientBoostingClassifier: 
accuracy: 0.415492957746

             precision    recall  f1-score   support

          1       0.42      0.46      0.44        35
          2       0.41      0.55      0.47        42
          3       0.27      0.23      0.25        30
          4       0.59      0.37      0.46        35

avg / total       0.43      0.42      0.41       142

predict results details:

                count  error_type   percent
target predict                             
1      1           16           0  0.457143
       2           12           1  0.342857
       3            4           2  0.114286
       4            3           3  0.085714
2      1           11           1  0.261905
       2           23           0  0.547619
       3            5           1  0.119048
       4            3           2  0.071429
3      1            8           2  0.266667
       2           12           1  0.400000
       3            7           0  0.233333
       4            3           1  0.100000
4      1            3           3  0.085714
       2            9           2  0.257143
       3           10           1  0.285714
       4           13           0  0.371429
==========================================

MLPClassifier: 
accuracy: 0.408450704225

             precision    recall  f1-score   support

          1       0.42      0.46      0.44        35
          2       0.40      0.52      0.45        42
          3       0.27      0.23      0.25        30
          4       0.57      0.37      0.45        35

avg / total       0.42      0.41      0.41       142

predict results details:

                count  error_type   percent
target predict                             
1      1           16           0  0.457143
       2           12           1  0.342857
       3            3           2  0.085714
       4            4           3  0.114286
2      1           11           1  0.261905
       2           22           0  0.523810
       3            6           1  0.142857
       4            3           2  0.071429
3      1            8           2  0.266667
       2           12           1  0.400000
       3            7           0  0.233333
       4            3           1  0.100000
4      1            3           3  0.085714
       2            9           2  0.257143
       3           10           1  0.285714
       4           13           0  0.371429
==========================================
