
SGDClassifier: 
accuracy: 0.441176470588

             precision    recall  f1-score   support

          1       0.47      0.36      0.41        22
          2       0.32      0.62      0.42        21
          3       0.33      0.20      0.25        25
          4       0.66      0.56      0.60        34

avg / total       0.47      0.44      0.44       102

predict results details:

                count  error_type   percent
target predict                             
1      1            8           0  0.363636
       2            6           1  0.272727
       3            4           2  0.181818
       4            4           3  0.181818
2      1            2           1  0.095238
       2           13           0  0.619048
       3            4           1  0.190476
       4            2           2  0.095238
3      1            4           2  0.160000
       2           12           1  0.480000
       3            5           0  0.200000
       4            4           1  0.160000
4      1            3           3  0.088235
       2           10           2  0.294118
       3            2           1  0.058824
       4           19           0  0.558824
==========================================

KNeighborsClassifier: 
accuracy: 0.450980392157

             precision    recall  f1-score   support

          1       0.42      0.45      0.43        22
          2       0.35      0.29      0.32        21
          3       0.35      0.48      0.41        25
          4       0.67      0.53      0.59        34

avg / total       0.47      0.45      0.46       102

predict results details:

                count  error_type   percent
target predict                             
1      1           10           0  0.454545
       2            3           1  0.136364
       3            5           2  0.227273
       4            4           3  0.181818
2      1            4           1  0.190476
       2            6           0  0.285714
       3            9           1  0.428571
       4            2           2  0.095238
3      1            7           2  0.280000
       2            3           1  0.120000
       3           12           0  0.480000
       4            3           1  0.120000
4      1            3           3  0.088235
       2            5           2  0.147059
       3            8           1  0.235294
       4           18           0  0.529412
==========================================

GaussianNB: 
accuracy: 0.441176470588

             precision    recall  f1-score   support

          1       0.55      0.50      0.52        22
          2       0.27      0.33      0.30        21
          3       0.33      0.40      0.36        25
          4       0.65      0.50      0.57        34

avg / total       0.47      0.44      0.45       102

predict results details:

                count  error_type   percent
target predict                             
1      1           11           0  0.500000
       2            3           1  0.136364
       3            4           2  0.181818
       4            4           3  0.181818
2      1            2           1  0.095238
       2            7           0  0.333333
       3           10           1  0.476190
       4            2           2  0.095238
3      1            4           2  0.160000
       2            8           1  0.320000
       3           10           0  0.400000
       4            3           1  0.120000
4      1            3           3  0.088235
       2            8           2  0.235294
       3            6           1  0.176471
       4           17           0  0.500000
==========================================

DecisionTreeClassifier: 
accuracy: 0.43137254902

             precision    recall  f1-score   support

          1       0.55      0.50      0.52        22
          2       0.27      0.33      0.30        21
          3       0.33      0.36      0.35        25
          4       0.59      0.50      0.54        34

avg / total       0.45      0.43      0.44       102

predict results details:

                count  error_type   percent
target predict                             
1      1           11           0  0.500000
       2            3           1  0.136364
       3            3           2  0.136364
       4            5           3  0.227273
2      1            2           1  0.095238
       2            7           0  0.333333
       3            9           1  0.428571
       4            3           2  0.142857
3      1            4           2  0.160000
       2            8           1  0.320000
       3            9           0  0.360000
       4            4           1  0.160000
4      1            3           3  0.088235
       2            8           2  0.235294
       3            6           1  0.176471
       4           17           0  0.500000
==========================================

GradientBoostingClassifier: 
accuracy: 0.43137254902

             precision    recall  f1-score   support

          1       0.55      0.50      0.52        22
          2       0.27      0.33      0.30        21
          3       0.33      0.36      0.35        25
          4       0.59      0.50      0.54        34

avg / total       0.45      0.43      0.44       102

predict results details:

                count  error_type   percent
target predict                             
1      1           11           0  0.500000
       2            3           1  0.136364
       3            3           2  0.136364
       4            5           3  0.227273
2      1            2           1  0.095238
       2            7           0  0.333333
       3            9           1  0.428571
       4            3           2  0.142857
3      1            4           2  0.160000
       2            8           1  0.320000
       3            9           0  0.360000
       4            4           1  0.160000
4      1            3           3  0.088235
       2            8           2  0.235294
       3            6           1  0.176471
       4           17           0  0.500000
==========================================

MLPClassifier: 
accuracy: 0.470588235294

             precision    recall  f1-score   support

          1       0.53      0.45      0.49        22
          2       0.33      0.38      0.36        21
          3       0.40      0.48      0.44        25
          4       0.62      0.53      0.57        34

avg / total       0.49      0.47      0.48       102

predict results details:

                count  error_type   percent
target predict                             
1      1           10           0  0.454545
       2            3           1  0.136364
       3            4           2  0.181818
       4            5           3  0.227273
2      1            2           1  0.095238
       2            8           0  0.380952
       3            7           1  0.333333
       4            4           2  0.190476
3      1            4           2  0.160000
       2            7           1  0.280000
       3           12           0  0.480000
       4            2           1  0.080000
4      1            3           3  0.088235
       2            6           2  0.176471
       3            7           1  0.205882
       4           18           0  0.529412
==========================================
