
SGDClassifier: 
accuracy: 0.312883435583

             precision    recall  f1-score   support

          1       0.25      0.20      0.22        35
          2       0.30      0.06      0.11        47
          3       0.26      0.68      0.38        41
          4       0.68      0.33      0.44        40

avg / total       0.37      0.31      0.28       163

predict results details:

                count  error_type   percent
target predict                             
1      1            7           0  0.200000
       2            2           1  0.057143
       3           23           2  0.657143
       4            3           3  0.085714
2      1           10           1  0.212766
       2            3           0  0.063830
       3           32           1  0.680851
       4            2           2  0.042553
3      1            8           2  0.195122
       2            4           1  0.097561
       3           28           0  0.682927
       4            1           1  0.024390
4      1            3           3  0.075000
       2            1           2  0.025000
       3           23           1  0.575000
       4           13           0  0.325000
==========================================

KNeighborsClassifier: 
accuracy: 0.398773006135

             precision    recall  f1-score   support

          1       0.28      0.20      0.23        35
          2       0.39      0.53      0.45        47
          3       0.33      0.32      0.32        41
          4       0.57      0.50      0.53        40

avg / total       0.40      0.40      0.39       163

predict results details:

                count  error_type   percent
target predict                             
1      1            7           0  0.200000
       2           17           1  0.485714
       3            6           2  0.171429
       4            5           3  0.142857
2      1            8           1  0.170213
       2           25           0  0.531915
       3           10           1  0.212766
       4            4           2  0.085106
3      1            7           2  0.170732
       2           15           1  0.365854
       3           13           0  0.317073
       4            6           1  0.146341
4      1            3           3  0.075000
       2            7           2  0.175000
       3           10           1  0.250000
       4           20           0  0.500000
==========================================

GaussianNB: 
accuracy: 0.411042944785

             precision    recall  f1-score   support

          1       0.24      0.20      0.22        35
          2       0.40      0.51      0.45        47
          3       0.39      0.34      0.36        41
          4       0.58      0.55      0.56        40

avg / total       0.41      0.41      0.41       163

predict results details:

                count  error_type   percent
target predict                             
1      1            7           0  0.200000
       2           17           1  0.485714
       3            5           2  0.142857
       4            6           3  0.171429
2      1           10           1  0.212766
       2           24           0  0.510638
       3            9           1  0.191489
       4            4           2  0.085106
3      1            8           2  0.195122
       2           13           1  0.317073
       3           14           0  0.341463
       4            6           1  0.146341
4      1            4           3  0.100000
       2            6           2  0.150000
       3            8           1  0.200000
       4           22           0  0.550000
==========================================

DecisionTreeClassifier: 
accuracy: 0.411042944785

             precision    recall  f1-score   support

          1       0.24      0.20      0.22        35
          2       0.40      0.51      0.45        47
          3       0.39      0.34      0.36        41
          4       0.58      0.55      0.56        40

avg / total       0.41      0.41      0.41       163

predict results details:

                count  error_type   percent
target predict                             
1      1            7           0  0.200000
       2           17           1  0.485714
       3            5           2  0.142857
       4            6           3  0.171429
2      1           10           1  0.212766
       2           24           0  0.510638
       3            9           1  0.191489
       4            4           2  0.085106
3      1            8           2  0.195122
       2           13           1  0.317073
       3           14           0  0.341463
       4            6           1  0.146341
4      1            4           3  0.100000
       2            6           2  0.150000
       3            8           1  0.200000
       4           22           0  0.550000
==========================================

GradientBoostingClassifier: 
accuracy: 0.411042944785

             precision    recall  f1-score   support

          1       0.24      0.20      0.22        35
          2       0.40      0.51      0.45        47
          3       0.39      0.34      0.36        41
          4       0.58      0.55      0.56        40

avg / total       0.41      0.41      0.41       163

predict results details:

                count  error_type   percent
target predict                             
1      1            7           0  0.200000
       2           17           1  0.485714
       3            5           2  0.142857
       4            6           3  0.171429
2      1           10           1  0.212766
       2           24           0  0.510638
       3            9           1  0.191489
       4            4           2  0.085106
3      1            8           2  0.195122
       2           13           1  0.317073
       3           14           0  0.341463
       4            6           1  0.146341
4      1            4           3  0.100000
       2            6           2  0.150000
       3            8           1  0.200000
       4           22           0  0.550000
==========================================

MLPClassifier: 
accuracy: 0.411042944785

             precision    recall  f1-score   support

          1       0.24      0.20      0.22        35
          2       0.40      0.51      0.45        47
          3       0.39      0.34      0.36        41
          4       0.58      0.55      0.56        40

avg / total       0.41      0.41      0.41       163

predict results details:

                count  error_type   percent
target predict                             
1      1            7           0  0.200000
       2           17           1  0.485714
       3            5           2  0.142857
       4            6           3  0.171429
2      1           10           1  0.212766
       2           24           0  0.510638
       3            9           1  0.191489
       4            4           2  0.085106
3      1            8           2  0.195122
       2           13           1  0.317073
       3           14           0  0.341463
       4            6           1  0.146341
4      1            4           3  0.100000
       2            6           2  0.150000
       3            8           1  0.200000
       4           22           0  0.550000
==========================================
