
SGDClassifier: 
accuracy: 0.426229508197

             precision    recall  f1-score   support

          1       0.62      0.54      0.58        24
          2       0.33      0.38      0.36        13
          3       0.38      0.19      0.25        16
          4       0.29      0.62      0.40         8

avg / total       0.45      0.43      0.42        61

predict results details:

                count  error_type   percent
target predict                             
1      1           13           0  0.541667
       2            5           1  0.208333
       3            4           2  0.166667
       4            2           3  0.083333
2      1            6           1  0.461538
       2            5           0  0.384615
       3            1           1  0.076923
       4            1           2  0.076923
3      2            4           1  0.250000
       3            3           0  0.187500
       4            9           1  0.562500
4      1            2           3  0.250000
       2            1           2  0.125000
       4            5           0  0.625000
==========================================

KNeighborsClassifier: 
accuracy: 0.344262295082

             precision    recall  f1-score   support

          1       0.42      0.67      0.52        24
          2       0.11      0.08      0.09        13
          3       0.31      0.25      0.28        16
          4       0.00      0.00      0.00         8

avg / total       0.27      0.34      0.29        61

predict results details:

                count  error_type   percent
target predict                             
1      1           16           0  0.666667
       2            2           1  0.083333
       3            6           2  0.250000
2      1           10           1  0.769231
       2            1           0  0.076923
       3            2           1  0.153846
3      1            7           2  0.437500
       2            4           1  0.250000
       3            4           0  0.250000
       4            1           1  0.062500
4      1            5           3  0.625000
       2            2           2  0.250000
       3            1           1  0.125000
==========================================
