
SGDClassifier: 
accuracy: 0.493506493506

             precision    recall  f1-score   support

          1       0.55      0.48      0.52        33
          2       0.52      0.38      0.44        39
          3       0.45      0.71      0.55        48
          4       0.55      0.32      0.41        34

avg / total       0.51      0.49      0.48       154

predict results details:

                count  error_type   percent
target predict                             
1      1           16           0  0.484848
       2            3           1  0.090909
       3           11           2  0.333333
       4            3           3  0.090909
2      1            8           1  0.205128
       2           15           0  0.384615
       3           14           1  0.358974
       4            2           2  0.051282
3      1            3           2  0.062500
       2            7           1  0.145833
       3           34           0  0.708333
       4            4           1  0.083333
4      1            2           3  0.058824
       2            4           2  0.117647
       3           17           1  0.500000
       4           11           0  0.323529
==========================================

KNeighborsClassifier: 
accuracy: 0.350649350649

             precision    recall  f1-score   support

          1       0.39      0.27      0.32        33
          2       0.27      0.21      0.23        39
          3       0.36      0.67      0.47        48
          4       0.42      0.15      0.22        34

avg / total       0.36      0.35      0.32       154

predict results details:

                count  error_type   percent
target predict                             
1      1            9           0  0.272727
       2            4           1  0.121212
       3           19           2  0.575758
       4            1           3  0.030303
2      1            8           1  0.205128
       2            8           0  0.205128
       3           21           1  0.538462
       4            2           2  0.051282
3      1            4           2  0.083333
       2            8           1  0.166667
       3           32           0  0.666667
       4            4           1  0.083333
4      1            2           3  0.058824
       2           10           2  0.294118
       3           17           1  0.500000
       4            5           0  0.147059
==========================================
