
SGDClassifier: 
accuracy: 0.401869158879

             precision    recall  f1-score   support

          1       0.58      0.57      0.58        37
          2       0.33      0.16      0.22        31
          3       0.31      0.64      0.42        25
          4       0.20      0.07      0.11        14

avg / total       0.40      0.40      0.37       107

predict results details:

                count  error_type   percent
target predict                             
1      1           21           0  0.567568
       2            8           1  0.216216
       3            6           2  0.162162
       4            2           3  0.054054
2      1           10           1  0.322581
       2            5           0  0.161290
       3           16           1  0.516129
3      1            5           2  0.200000
       2            2           1  0.080000
       3           16           0  0.640000
       4            2           1  0.080000
4      3           13           1  0.928571
       4            1           0  0.071429
==========================================

KNeighborsClassifier: 
accuracy: 0.514018691589

             precision    recall  f1-score   support

          1       0.55      0.62      0.58        37
          2       0.48      0.45      0.47        31
          3       0.48      0.44      0.46        25
          4       0.54      0.50      0.52        14

avg / total       0.51      0.51      0.51       107

predict results details:

                count  error_type   percent
target predict                             
1      1           23           0  0.621622
       2            9           1  0.243243
       3            2           2  0.054054
       4            3           3  0.081081
2      1           14           1  0.451613
       2           14           0  0.451613
       3            3           1  0.096774
3      1            5           2  0.200000
       2            6           1  0.240000
       3           11           0  0.440000
       4            3           1  0.120000
4      3            7           1  0.500000
       4            7           0  0.500000
==========================================

GaussianNB: 
accuracy: 0.551401869159

             precision    recall  f1-score   support

          1       0.59      0.59      0.59        37
          2       0.50      0.52      0.51        31
          3       0.50      0.40      0.44        25
          4       0.61      0.79      0.69        14

avg / total       0.55      0.55      0.55       107

predict results details:

                count  error_type   percent
target predict                             
1      1           22           0  0.594595
       2           10           1  0.270270
       3            3           2  0.081081
       4            2           3  0.054054
2      1           10           1  0.322581
       2           16           0  0.516129
       3            4           1  0.129032
       4            1           2  0.032258
3      1            5           2  0.200000
       2            6           1  0.240000
       3           10           0  0.400000
       4            4           1  0.160000
4      3            3           1  0.214286
       4           11           0  0.785714
==========================================

DecisionTreeClassifier: 
accuracy: 0.532710280374

             precision    recall  f1-score   support

          1       0.59      0.59      0.59        37
          2       0.48      0.48      0.48        31
          3       0.47      0.36      0.41        25
          4       0.55      0.79      0.65        14

avg / total       0.53      0.53      0.53       107

predict results details:

                count  error_type   percent
target predict                             
1      1           22           0  0.594595
       2           10           1  0.270270
       3            2           2  0.054054
       4            3           3  0.081081
2      1           10           1  0.322581
       2           15           0  0.483871
       3            5           1  0.161290
       4            1           2  0.032258
3      1            5           2  0.200000
       2            6           1  0.240000
       3            9           0  0.360000
       4            5           1  0.200000
4      3            3           1  0.214286
       4           11           0  0.785714
==========================================

GradientBoostingClassifier: 
accuracy: 0.532710280374

             precision    recall  f1-score   support

          1       0.59      0.59      0.59        37
          2       0.48      0.48      0.48        31
          3       0.47      0.36      0.41        25
          4       0.55      0.79      0.65        14

avg / total       0.53      0.53      0.53       107

predict results details:

                count  error_type   percent
target predict                             
1      1           22           0  0.594595
       2           10           1  0.270270
       3            2           2  0.054054
       4            3           3  0.081081
2      1           10           1  0.322581
       2           15           0  0.483871
       3            5           1  0.161290
       4            1           2  0.032258
3      1            5           2  0.200000
       2            6           1  0.240000
       3            9           0  0.360000
       4            5           1  0.200000
4      3            3           1  0.214286
       4           11           0  0.785714
==========================================

MLPClassifier: 
accuracy: 0.532710280374

             precision    recall  f1-score   support

          1       0.59      0.59      0.59        37
          2       0.48      0.48      0.48        31
          3       0.47      0.36      0.41        25
          4       0.55      0.79      0.65        14

avg / total       0.53      0.53      0.53       107

predict results details:

                count  error_type   percent
target predict                             
1      1           22           0  0.594595
       2           10           1  0.270270
       3            2           2  0.054054
       4            3           3  0.081081
2      1           10           1  0.322581
       2           15           0  0.483871
       3            5           1  0.161290
       4            1           2  0.032258
3      1            5           2  0.200000
       2            6           1  0.240000
       3            9           0  0.360000
       4            5           1  0.200000
4      3            3           1  0.214286
       4           11           0  0.785714
==========================================
