
SGDClassifier: 
accuracy: 0.533333333333

             precision    recall  f1-score   support

          1       0.57      0.33      0.42        12
          2       0.50      0.17      0.25        12
          3       0.00      0.00      0.00        14
          4       0.53      0.92      0.67        37

avg / total       0.43      0.53      0.44        75

predict results details:

                count  error_type   percent
target predict                             
1      1            4           0  0.333333
       4            8           3  0.666667
2      1            2           1  0.166667
       2            2           0  0.166667
       4            8           2  0.666667
3      4           14           1  1.000000
4      1            1           3  0.027027
       2            2           2  0.054054
       4           34           0  0.918919
==========================================

KNeighborsClassifier: 
accuracy: 0.493333333333

             precision    recall  f1-score   support

          1       0.38      0.25      0.30        12
          2       0.00      0.00      0.00        12
          3       0.20      0.07      0.11        14
          4       0.55      0.89      0.68        37

avg / total       0.37      0.49      0.40        75

predict results details:

                count  error_type   percent
target predict                             
1      1            3           0  0.250000
       2            1           1  0.083333
       3            1           2  0.083333
       4            7           3  0.583333
2      1            3           1  0.250000
       3            2           1  0.166667
       4            7           2  0.583333
3      3            1           0  0.071429
       4           13           1  0.928571
4      1            2           3  0.054054
       2            1           2  0.027027
       3            1           1  0.027027
       4           33           0  0.891892
==========================================

GaussianNB: 
accuracy: 0.493333333333

             precision    recall  f1-score   support

          1       0.33      0.17      0.22        12
          2       0.25      0.08      0.12        12
          3       0.31      0.29      0.30        14
          4       0.58      0.81      0.67        37

avg / total       0.44      0.49      0.44        75

predict results details:

                count  error_type   percent
target predict                             
1      1            2           0  0.166667
       2            2           1  0.166667
       3            2           2  0.166667
       4            6           3  0.500000
2      1            2           1  0.166667
       2            1           0  0.083333
       3            3           1  0.250000
       4            6           2  0.500000
3      3            4           0  0.285714
       4           10           1  0.714286
4      1            2           3  0.054054
       2            1           2  0.027027
       3            4           1  0.108108
       4           30           0  0.810811
==========================================

DecisionTreeClassifier: 
accuracy: 0.506666666667

             precision    recall  f1-score   support

          1       0.43      0.25      0.32        12
          2       0.33      0.08      0.13        12
          3       0.31      0.29      0.30        14
          4       0.58      0.81      0.67        37

avg / total       0.46      0.51      0.46        75

predict results details:

                count  error_type   percent
target predict                             
1      1            3           0  0.250000
       2            1           1  0.083333
       3            2           2  0.166667
       4            6           3  0.500000
2      1            2           1  0.166667
       2            1           0  0.083333
       3            3           1  0.250000
       4            6           2  0.500000
3      3            4           0  0.285714
       4           10           1  0.714286
4      1            2           3  0.054054
       2            1           2  0.027027
       3            4           1  0.108108
       4           30           0  0.810811
==========================================

GradientBoostingClassifier: 
accuracy: 0.506666666667

             precision    recall  f1-score   support

          1       0.43      0.25      0.32        12
          2       0.33      0.08      0.13        12
          3       0.31      0.29      0.30        14
          4       0.58      0.81      0.67        37

avg / total       0.46      0.51      0.46        75

predict results details:

                count  error_type   percent
target predict                             
1      1            3           0  0.250000
       2            1           1  0.083333
       3            2           2  0.166667
       4            6           3  0.500000
2      1            2           1  0.166667
       2            1           0  0.083333
       3            3           1  0.250000
       4            6           2  0.500000
3      3            4           0  0.285714
       4           10           1  0.714286
4      1            2           3  0.054054
       2            1           2  0.027027
       3            4           1  0.108108
       4           30           0  0.810811
==========================================

MLPClassifier: 
accuracy: 0.52

             precision    recall  f1-score   support

          1       0.43      0.25      0.32        12
          2       0.33      0.08      0.13        12
          3       0.30      0.21      0.25        14
          4       0.58      0.86      0.70        37

avg / total       0.46      0.52      0.46        75

predict results details:

                count  error_type   percent
target predict                             
1      1            3           0  0.250000
       2            1           1  0.083333
       3            2           2  0.166667
       4            6           3  0.500000
2      1            2           1  0.166667
       2            1           0  0.083333
       3            3           1  0.250000
       4            6           2  0.500000
3      3            3           0  0.214286
       4           11           1  0.785714
4      1            2           3  0.054054
       2            1           2  0.027027
       3            2           1  0.054054
       4           32           0  0.864865
==========================================
