
SGDClassifier: 
accuracy: 0.533333333333

             precision    recall  f1-score   support

          1       0.40      0.17      0.24        12
          2       0.67      0.17      0.27        12
          3       0.40      0.14      0.21        14
          4       0.55      0.92      0.69        37

avg / total       0.52      0.53      0.46        75

predict results details:

                count  error_type   percent
target predict                             
1      1            2           0  0.166667
       2            1           1  0.083333
       3            1           2  0.083333
       4            8           3  0.666667
2      1            1           1  0.083333
       2            2           0  0.166667
       3            1           1  0.083333
       4            8           2  0.666667
3      3            2           0  0.142857
       4           12           1  0.857143
4      1            2           3  0.054054
       3            1           1  0.027027
       4           34           0  0.918919
==========================================

KNeighborsClassifier: 
accuracy: 0.533333333333

             precision    recall  f1-score   support

          1       0.50      0.17      0.25        12
          2       0.33      0.08      0.13        12
          3       0.60      0.21      0.32        14
          4       0.54      0.92      0.68        37

avg / total       0.51      0.53      0.46        75

predict results details:

                count  error_type   percent
target predict                             
1      1            2           0  0.166667
       3            1           2  0.083333
       4            9           3  0.750000
2      1            1           1  0.083333
       2            1           0  0.083333
       3            1           1  0.083333
       4            9           2  0.750000
3      3            3           0  0.214286
       4           11           1  0.785714
4      1            1           3  0.027027
       2            2           2  0.054054
       4           34           0  0.918919
==========================================
