
SGDClassifier: 
accuracy: 0.25

             precision    recall  f1-score   support

          1       0.28      0.57      0.37        14
          2       0.25      0.10      0.14        10
          3       0.40      0.18      0.25        11
          4       0.10      0.08      0.09        13

avg / total       0.25      0.25      0.22        48

predict results details:

                count  error_type   percent
target predict                             
1      1            8           0  0.571429
       2            2           1  0.142857
       3            2           2  0.142857
       4            2           3  0.142857
2      1            7           1  0.700000
       2            1           0  0.100000
       4            2           2  0.200000
3      1            3           2  0.272727
       2            1           1  0.090909
       3            2           0  0.181818
       4            5           1  0.454545
4      1           11           3  0.846154
       3            1           1  0.076923
       4            1           0  0.076923
==========================================

KNeighborsClassifier: 
accuracy: 0.270833333333

             precision    recall  f1-score   support

          1       0.31      0.57      0.40        14
          2       0.40      0.40      0.40        10
          3       0.00      0.00      0.00        11
          4       0.20      0.08      0.11        13

avg / total       0.23      0.27      0.23        48

predict results details:

                count  error_type   percent
target predict                             
1      1            8           0  0.571429
       2            1           1  0.071429
       3            4           2  0.285714
       4            1           3  0.071429
2      1            4           1  0.400000
       2            4           0  0.400000
       3            2           1  0.200000
3      1            7           2  0.636364
       2            1           1  0.090909
       4            3           1  0.272727
4      1            7           3  0.538462
       2            4           2  0.307692
       3            1           1  0.076923
       4            1           0  0.076923
==========================================
