
SGDClassifier: 
accuracy: 0.459459459459

             precision    recall  f1-score   support

          1       0.50      0.04      0.07        28
          2       0.33      0.19      0.24        31
          3       0.47      0.91      0.62        44
          4       0.67      0.50      0.57         8

avg / total       0.45      0.46      0.37       111

predict results details:

                count  error_type   percent
target predict                             
1      1            1           0  0.035714
       2            7           1  0.250000
       3           20           2  0.714286
2      1            1           1  0.032258
       2            6           0  0.193548
       3           22           1  0.709677
       4            2           2  0.064516
3      2            4           1  0.090909
       3           40           0  0.909091
4      2            1           2  0.125000
       3            3           1  0.375000
       4            4           0  0.500000
==========================================

KNeighborsClassifier: 
accuracy: 0.306306306306

             precision    recall  f1-score   support

          1       0.20      0.36      0.26        28
          2       0.28      0.16      0.20        31
          3       0.43      0.41      0.42        44
          4       1.00      0.12      0.22         8

avg / total       0.37      0.31      0.30       111

predict results details:

                count  error_type   percent
target predict                             
1      1           10           0  0.357143
       2            9           1  0.321429
       3            9           2  0.321429
2      1           12           1  0.387097
       2            5           0  0.161290
       3           14           1  0.451613
3      1           22           2  0.500000
       2            4           1  0.090909
       3           18           0  0.409091
4      1            6           3  0.750000
       3            1           1  0.125000
       4            1           0  0.125000
==========================================
