
SGDClassifier: 
accuracy: 0.437908496732

             precision    recall  f1-score   support

          1       0.53      0.24      0.33        33
          2       0.36      0.62      0.46        39
          3       0.51      0.43      0.47        47
          4       0.45      0.44      0.45        34

avg / total       0.47      0.44      0.43       153

predict results details:

                count  error_type   percent
target predict                             
1      1            8           0  0.242424
       2           13           1  0.393939
       3            7           2  0.212121
       4            5           3  0.151515
2      1            5           1  0.128205
       2           24           0  0.615385
       3            5           1  0.128205
       4            5           2  0.128205
3      1            1           2  0.021277
       2           18           1  0.382979
       3           20           0  0.425532
       4            8           1  0.170213
4      1            1           3  0.029412
       2           11           2  0.323529
       3            7           1  0.205882
       4           15           0  0.441176
==========================================

KNeighborsClassifier: 
accuracy: 0.444444444444

             precision    recall  f1-score   support

          1       0.56      0.27      0.37        33
          2       0.35      0.36      0.35        39
          3       0.45      0.62      0.52        47
          4       0.50      0.47      0.48        34

avg / total       0.46      0.44      0.44       153

predict results details:

                count  error_type   percent
target predict                             
1      1            9           0  0.272727
       2            8           1  0.242424
       3           12           2  0.363636
       4            4           3  0.121212
2      1            5           1  0.128205
       2           14           0  0.358974
       3           15           1  0.384615
       4            5           2  0.128205
3      1            1           2  0.021277
       2           10           1  0.212766
       3           29           0  0.617021
       4            7           1  0.148936
4      1            1           3  0.029412
       2            8           2  0.235294
       3            9           1  0.264706
       4           16           0  0.470588
==========================================

GaussianNB: 
accuracy: 0.450980392157

             precision    recall  f1-score   support

          1       0.53      0.27      0.36        33
          2       0.41      0.31      0.35        39
          3       0.42      0.64      0.50        47
          4       0.51      0.53      0.52        34

avg / total       0.46      0.45      0.44       153

predict results details:

                count  error_type   percent
target predict                             
1      1            9           0  0.272727
       2            5           1  0.151515
       3           15           2  0.454545
       4            4           3  0.121212
2      1            5           1  0.128205
       2           12           0  0.307692
       3           17           1  0.435897
       4            5           2  0.128205
3      1            2           2  0.042553
       2            7           1  0.148936
       3           30           0  0.638298
       4            8           1  0.170213
4      1            1           3  0.029412
       2            5           2  0.147059
       3           10           1  0.294118
       4           18           0  0.529412
==========================================

DecisionTreeClassifier: 
accuracy: 0.450980392157

             precision    recall  f1-score   support

          1       0.53      0.27      0.36        33
          2       0.41      0.31      0.35        39
          3       0.42      0.64      0.50        47
          4       0.51      0.53      0.52        34

avg / total       0.46      0.45      0.44       153

predict results details:

                count  error_type   percent
target predict                             
1      1            9           0  0.272727
       2            5           1  0.151515
       3           15           2  0.454545
       4            4           3  0.121212
2      1            5           1  0.128205
       2           12           0  0.307692
       3           17           1  0.435897
       4            5           2  0.128205
3      1            2           2  0.042553
       2            7           1  0.148936
       3           30           0  0.638298
       4            8           1  0.170213
4      1            1           3  0.029412
       2            5           2  0.147059
       3           10           1  0.294118
       4           18           0  0.529412
==========================================

GradientBoostingClassifier: 
accuracy: 0.450980392157

             precision    recall  f1-score   support

          1       0.53      0.27      0.36        33
          2       0.41      0.31      0.35        39
          3       0.42      0.64      0.50        47
          4       0.51      0.53      0.52        34

avg / total       0.46      0.45      0.44       153

predict results details:

                count  error_type   percent
target predict                             
1      1            9           0  0.272727
       2            5           1  0.151515
       3           15           2  0.454545
       4            4           3  0.121212
2      1            5           1  0.128205
       2           12           0  0.307692
       3           17           1  0.435897
       4            5           2  0.128205
3      1            2           2  0.042553
       2            7           1  0.148936
       3           30           0  0.638298
       4            8           1  0.170213
4      1            1           3  0.029412
       2            5           2  0.147059
       3           10           1  0.294118
       4           18           0  0.529412
==========================================

MLPClassifier: 
accuracy: 0.450980392157

             precision    recall  f1-score   support

          1       0.53      0.27      0.36        33
          2       0.41      0.31      0.35        39
          3       0.42      0.64      0.50        47
          4       0.51      0.53      0.52        34

avg / total       0.46      0.45      0.44       153

predict results details:

                count  error_type   percent
target predict                             
1      1            9           0  0.272727
       2            5           1  0.151515
       3           15           2  0.454545
       4            4           3  0.121212
2      1            5           1  0.128205
       2           12           0  0.307692
       3           17           1  0.435897
       4            5           2  0.128205
3      1            2           2  0.042553
       2            7           1  0.148936
       3           30           0  0.638298
       4            8           1  0.170213
4      1            1           3  0.029412
       2            5           2  0.147059
       3           10           1  0.294118
       4           18           0  0.529412
==========================================
