
SGDClassifier: 
accuracy: 0.459893048128

             precision    recall  f1-score   support

          1       0.39      0.35      0.37        40
          2       0.50      0.11      0.18        36
          3       0.56      0.35      0.43        51
          4       0.45      0.83      0.58        60

avg / total       0.48      0.46      0.42       187

predict results details:

                count  error_type   percent
target predict                             
1      1           14           0  0.350000
       2            1           1  0.025000
       3            4           2  0.100000
       4           21           3  0.525000
2      1           11           1  0.305556
       2            4           0  0.111111
       3            8           1  0.222222
       4           13           2  0.361111
3      1            5           2  0.098039
       2            1           1  0.019608
       3           18           0  0.352941
       4           27           1  0.529412
4      1            6           3  0.100000
       2            2           2  0.033333
       3            2           1  0.033333
       4           50           0  0.833333
==========================================

KNeighborsClassifier: 
accuracy: 0.550802139037

             precision    recall  f1-score   support

          1       0.42      0.28      0.33        40
          2       0.52      0.36      0.43        36
          3       0.52      0.73      0.61        51
          4       0.65      0.70      0.67        60

avg / total       0.54      0.55      0.53       187

predict results details:

                count  error_type   percent
target predict                             
1      1           11           0  0.275000
       2            4           1  0.100000
       3           16           2  0.400000
       4            9           3  0.225000
2      1            8           1  0.222222
       2           13           0  0.361111
       3            9           1  0.250000
       4            6           2  0.166667
3      1            2           2  0.039216
       2            4           1  0.078431
       3           37           0  0.725490
       4            8           1  0.156863
4      1            5           3  0.083333
       2            4           2  0.066667
       3            9           1  0.150000
       4           42           0  0.700000
==========================================

GaussianNB: 
accuracy: 0.561497326203

             precision    recall  f1-score   support

          1       0.40      0.25      0.31        40
          2       0.53      0.44      0.48        36
          3       0.53      0.73      0.61        51
          4       0.68      0.70      0.69        60

avg / total       0.55      0.56      0.55       187

predict results details:

                count  error_type   percent
target predict                             
1      1           10           0  0.250000
       2            6           1  0.150000
       3           16           2  0.400000
       4            8           3  0.200000
2      1            8           1  0.222222
       2           16           0  0.444444
       3            8           1  0.222222
       4            4           2  0.111111
3      1            2           2  0.039216
       2            4           1  0.078431
       3           37           0  0.725490
       4            8           1  0.156863
4      1            5           3  0.083333
       2            4           2  0.066667
       3            9           1  0.150000
       4           42           0  0.700000
==========================================

DecisionTreeClassifier: 
accuracy: 0.561497326203

             precision    recall  f1-score   support

          1       0.42      0.28      0.33        40
          2       0.56      0.42      0.48        36
          3       0.52      0.73      0.61        51
          4       0.67      0.70      0.68        60

avg / total       0.55      0.56      0.55       187

predict results details:

                count  error_type   percent
target predict                             
1      1           11           0  0.275000
       2            4           1  0.100000
       3           16           2  0.400000
       4            9           3  0.225000
2      1            8           1  0.222222
       2           15           0  0.416667
       3            9           1  0.250000
       4            4           2  0.111111
3      1            2           2  0.039216
       2            4           1  0.078431
       3           37           0  0.725490
       4            8           1  0.156863
4      1            5           3  0.083333
       2            4           2  0.066667
       3            9           1  0.150000
       4           42           0  0.700000
==========================================

GradientBoostingClassifier: 
accuracy: 0.561497326203

             precision    recall  f1-score   support

          1       0.42      0.28      0.33        40
          2       0.56      0.42      0.48        36
          3       0.52      0.73      0.61        51
          4       0.67      0.70      0.68        60

avg / total       0.55      0.56      0.55       187

predict results details:

                count  error_type   percent
target predict                             
1      1           11           0  0.275000
       2            4           1  0.100000
       3           16           2  0.400000
       4            9           3  0.225000
2      1            8           1  0.222222
       2           15           0  0.416667
       3            9           1  0.250000
       4            4           2  0.111111
3      1            2           2  0.039216
       2            4           1  0.078431
       3           37           0  0.725490
       4            8           1  0.156863
4      1            5           3  0.083333
       2            4           2  0.066667
       3            9           1  0.150000
       4           42           0  0.700000
==========================================

MLPClassifier: 
accuracy: 0.561497326203

             precision    recall  f1-score   support

          1       0.42      0.28      0.33        40
          2       0.56      0.42      0.48        36
          3       0.52      0.73      0.61        51
          4       0.67      0.70      0.68        60

avg / total       0.55      0.56      0.55       187

predict results details:

                count  error_type   percent
target predict                             
1      1           11           0  0.275000
       2            4           1  0.100000
       3           16           2  0.400000
       4            9           3  0.225000
2      1            8           1  0.222222
       2           15           0  0.416667
       3            9           1  0.250000
       4            4           2  0.111111
3      1            2           2  0.039216
       2            4           1  0.078431
       3           37           0  0.725490
       4            8           1  0.156863
4      1            5           3  0.083333
       2            4           2  0.066667
       3            9           1  0.150000
       4           42           0  0.700000
==========================================
