
SGDClassifier: 
accuracy: 0.40625

             precision    recall  f1-score   support

          1       0.56      0.31      0.40        16
          2       0.50      0.18      0.27        11
          3       0.32      0.35      0.33        17
          4       0.41      0.65      0.50        20

avg / total       0.44      0.41      0.39        64

predict results details:

                count  error_type   percent
target predict                             
1      1            5           0  0.312500
       2            1           1  0.062500
       3            5           2  0.312500
       4            5           3  0.312500
2      1            2           1  0.181818
       2            2           0  0.181818
       3            3           1  0.272727
       4            4           2  0.363636
3      1            1           2  0.058824
       3            6           0  0.352941
       4           10           1  0.588235
4      1            1           3  0.050000
       2            1           2  0.050000
       3            5           1  0.250000
       4           13           0  0.650000
==========================================

KNeighborsClassifier: 
accuracy: 0.296875

             precision    recall  f1-score   support

          1       0.21      0.38      0.27        16
          2       0.17      0.09      0.12        11
          3       0.23      0.18      0.20        17
          4       0.53      0.45      0.49        20

avg / total       0.31      0.30      0.29        64

predict results details:

                count  error_type   percent
target predict                             
1      1            6           0  0.375000
       2            3           1  0.187500
       3            4           2  0.250000
       4            3           3  0.187500
2      1            5           1  0.454545
       2            1           0  0.090909
       3            2           1  0.181818
       4            3           2  0.272727
3      1           11           2  0.647059
       2            1           1  0.058824
       3            3           0  0.176471
       4            2           1  0.117647
4      1            6           3  0.300000
       2            1           2  0.050000
       3            4           1  0.200000
       4            9           0  0.450000
==========================================
