
SGDClassifier: 
accuracy: 0.438596491228

             precision    recall  f1-score   support

          1       0.29      0.33      0.31        12
          2       0.29      0.33      0.31        15
          3       0.62      0.59      0.60        22
          4       0.60      0.38      0.46         8

avg / total       0.46      0.44      0.45        57

predict results details:

                count  error_type   percent
target predict                             
1      1            4           0  0.333333
       2            7           1  0.583333
       3            1           2  0.083333
2      1            5           1  0.333333
       2            5           0  0.333333
       3            4           1  0.266667
       4            1           2  0.066667
3      1            4           2  0.181818
       2            4           1  0.181818
       3           13           0  0.590909
       4            1           1  0.045455
4      1            1           3  0.125000
       2            1           2  0.125000
       3            3           1  0.375000
       4            3           0  0.375000
==========================================

KNeighborsClassifier: 
accuracy: 0.350877192982

             precision    recall  f1-score   support

          1       0.15      0.25      0.19        12
          2       0.22      0.27      0.24        15
          3       0.67      0.55      0.60        22
          4       1.00      0.12      0.22         8

avg / total       0.49      0.35      0.37        57

predict results details:

                count  error_type   percent
target predict                             
1      1            3           0  0.250000
       2            9           1  0.750000
2      1            7           1  0.466667
       2            4           0  0.266667
       3            4           1  0.266667
3      1            7           2  0.318182
       2            3           1  0.136364
       3           12           0  0.545455
4      1            3           3  0.375000
       2            2           2  0.250000
       3            2           1  0.250000
       4            1           0  0.125000
==========================================
