
SGDClassifier: 
accuracy: 0.488372093023

             precision    recall  f1-score   support

          1       0.64      0.50      0.56        18
          2       0.40      0.30      0.34        20
          3       0.36      0.19      0.25        21
          4       0.50      0.85      0.63        27

avg / total       0.47      0.49      0.46        86

predict results details:

                count  error_type   percent
target predict                             
1      1            9           0  0.500000
       2            2           1  0.111111
       3            3           2  0.166667
       4            4           3  0.222222
2      1            3           1  0.150000
       2            6           0  0.300000
       3            2           1  0.100000
       4            9           2  0.450000
3      1            2           2  0.095238
       2            5           1  0.238095
       3            4           0  0.190476
       4           10           1  0.476190
4      2            2           2  0.074074
       3            2           1  0.074074
       4           23           0  0.851852
==========================================

KNeighborsClassifier: 
accuracy: 0.360465116279

             precision    recall  f1-score   support

          1       0.83      0.28      0.42        18
          2       0.38      0.15      0.21        20
          3       0.28      0.33      0.30        21
          4       0.34      0.59      0.43        27

avg / total       0.44      0.36      0.35        86

predict results details:

                count  error_type   percent
target predict                             
1      1            5           0  0.277778
       2            1           1  0.055556
       3            3           2  0.166667
       4            9           3  0.500000
2      1            1           1  0.050000
       2            3           0  0.150000
       3            5           1  0.250000
       4           11           2  0.550000
3      2            3           1  0.142857
       3            7           0  0.333333
       4           11           1  0.523810
4      2            1           2  0.037037
       3           10           1  0.370370
       4           16           0  0.592593
==========================================
