
SGDClassifier: 
accuracy: 0.359154929577

             precision    recall  f1-score   support

          1       0.31      0.31      0.31        35
          2       0.37      0.38      0.38        42
          3       0.25      0.30      0.27        30
          4       0.54      0.43      0.48        35

avg / total       0.37      0.36      0.36       142

predict results details:

                count  error_type   percent
target predict                             
1      1           11           0  0.314286
       2           13           1  0.371429
       3            6           2  0.171429
       4            5           3  0.142857
2      1           14           1  0.333333
       2           16           0  0.380952
       3            8           1  0.190476
       4            4           2  0.095238
3      1            7           2  0.233333
       2           10           1  0.333333
       3            9           0  0.300000
       4            4           1  0.133333
4      1            3           3  0.085714
       2            4           2  0.114286
       3           13           1  0.371429
       4           15           0  0.428571
==========================================

KNeighborsClassifier: 
accuracy: 0.232394366197

             precision    recall  f1-score   support

          1       0.21      0.63      0.31        35
          2       0.27      0.17      0.21        42
          3       0.29      0.07      0.11        30
          4       1.00      0.06      0.11        35

avg / total       0.44      0.23      0.19       142

predict results details:

                count  error_type   percent
target predict                             
1      1           22           0  0.628571
       2           12           1  0.342857
       3            1           2  0.028571
2      1           33           1  0.785714
       2            7           0  0.166667
       3            2           1  0.047619
3      1           23           2  0.766667
       2            5           1  0.166667
       3            2           0  0.066667
4      1           29           3  0.828571
       2            2           2  0.057143
       3            2           1  0.057143
       4            2           0  0.057143
==========================================
