
SGDClassifier: 
accuracy: 0.447916666667

             precision    recall  f1-score   support

          1       0.60      0.52      0.55        54
          2       0.39      0.13      0.19        55
          3       0.25      0.44      0.32        41
          4       0.60      0.79      0.68        42

avg / total       0.46      0.45      0.43       192

predict results details:

                count  error_type   percent
target predict                             
1      1           28           0  0.518519
       2            2           1  0.037037
       3           17           2  0.314815
       4            7           3  0.129630
2      1           11           1  0.200000
       2            7           0  0.127273
       3           32           1  0.581818
       4            5           2  0.090909
3      1            7           2  0.170732
       2            6           1  0.146341
       3           18           0  0.439024
       4           10           1  0.243902
4      1            1           3  0.023810
       2            3           2  0.071429
       3            5           1  0.119048
       4           33           0  0.785714
==========================================

KNeighborsClassifier: 
accuracy: 0.53125

             precision    recall  f1-score   support

          1       0.56      0.52      0.54        54
          2       0.46      0.47      0.47        55
          3       0.50      0.34      0.41        41
          4       0.59      0.81      0.68        42

avg / total       0.53      0.53      0.52       192

predict results details:

                count  error_type   percent
target predict                             
1      1           28           0  0.518519
       2           15           1  0.277778
       3            3           2  0.055556
       4            8           3  0.148148
2      1           13           1  0.236364
       2           26           0  0.472727
       3           10           1  0.181818
       4            6           2  0.109091
3      1            8           2  0.195122
       2            9           1  0.219512
       3           14           0  0.341463
       4           10           1  0.243902
4      1            1           3  0.023810
       2            6           2  0.142857
       3            1           1  0.023810
       4           34           0  0.809524
==========================================

GaussianNB: 
accuracy: 0.520833333333

             precision    recall  f1-score   support

          1       0.55      0.52      0.53        54
          2       0.44      0.44      0.44        55
          3       0.45      0.34      0.39        41
          4       0.61      0.81      0.69        42

avg / total       0.51      0.52      0.51       192

predict results details:

                count  error_type   percent
target predict                             
1      1           28           0  0.518519
       2           15           1  0.277778
       3            4           2  0.074074
       4            7           3  0.129630
2      1           15           1  0.272727
       2           24           0  0.436364
       3           11           1  0.200000
       4            5           2  0.090909
3      1            7           2  0.170732
       2           10           1  0.243902
       3           14           0  0.341463
       4           10           1  0.243902
4      1            1           3  0.023810
       2            5           2  0.119048
       3            2           1  0.047619
       4           34           0  0.809524
==========================================

DecisionTreeClassifier: 
accuracy: 0.53125

             precision    recall  f1-score   support

          1       0.57      0.54      0.55        54
          2       0.46      0.45      0.46        55
          3       0.45      0.34      0.39        41
          4       0.61      0.81      0.69        42

avg / total       0.52      0.53      0.52       192

predict results details:

                count  error_type   percent
target predict                             
1      1           29           0  0.537037
       2           14           1  0.259259
       3            4           2  0.074074
       4            7           3  0.129630
2      1           14           1  0.254545
       2           25           0  0.454545
       3           11           1  0.200000
       4            5           2  0.090909
3      1            7           2  0.170732
       2           10           1  0.243902
       3           14           0  0.341463
       4           10           1  0.243902
4      1            1           3  0.023810
       2            5           2  0.119048
       3            2           1  0.047619
       4           34           0  0.809524
==========================================

GradientBoostingClassifier: 
accuracy: 0.541666666667

             precision    recall  f1-score   support

          1       0.60      0.52      0.55        54
          2       0.48      0.51      0.50        55
          3       0.45      0.34      0.39        41
          4       0.61      0.81      0.69        42

avg / total       0.54      0.54      0.53       192

predict results details:

                count  error_type   percent
target predict                             
1      1           28           0  0.518519
       2           15           1  0.277778
       3            4           2  0.074074
       4            7           3  0.129630
2      1           11           1  0.200000
       2           28           0  0.509091
       3           11           1  0.200000
       4            5           2  0.090909
3      1            7           2  0.170732
       2           10           1  0.243902
       3           14           0  0.341463
       4           10           1  0.243902
4      1            1           3  0.023810
       2            5           2  0.119048
       3            2           1  0.047619
       4           34           0  0.809524
==========================================

MLPClassifier: 
accuracy: 0.526041666667

             precision    recall  f1-score   support

          1       0.58      0.52      0.55        54
          2       0.46      0.47      0.47        55
          3       0.42      0.32      0.36        41
          4       0.60      0.81      0.69        42

avg / total       0.52      0.53      0.52       192

predict results details:

                count  error_type   percent
target predict                             
1      1           28           0  0.518519
       2           15           1  0.277778
       3            4           2  0.074074
       4            7           3  0.129630
2      1           12           1  0.218182
       2           26           0  0.472727
       3           12           1  0.218182
       4            5           2  0.090909
3      1            7           2  0.170732
       2           10           1  0.243902
       3           13           0  0.317073
       4           11           1  0.268293
4      1            1           3  0.023810
       2            5           2  0.119048
       3            2           1  0.047619
       4           34           0  0.809524
==========================================
