
SGDClassifier: 
accuracy: 0.428571428571

             precision    recall  f1-score   support

          1       0.80      0.44      0.57         9
          2       0.50      0.18      0.27        11
          3       0.30      0.67      0.41         9
          4       0.50      0.50      0.50         6

avg / total       0.53      0.43      0.42        35

predict results details:

                count  error_type   percent
target predict                             
1      1            4           0  0.444444
       2            1           1  0.111111
       3            4           2  0.444444
2      2            2           0  0.181818
       3            7           1  0.636364
       4            2           2  0.181818
3      1            1           2  0.111111
       2            1           1  0.111111
       3            6           0  0.666667
       4            1           1  0.111111
4      3            3           1  0.500000
       4            3           0  0.500000
==========================================

KNeighborsClassifier: 
accuracy: 0.342857142857

             precision    recall  f1-score   support

          1       0.80      0.44      0.57         9
          2       0.25      0.18      0.21        11
          3       0.14      0.11      0.12         9
          4       0.33      0.83      0.48         6

avg / total       0.38      0.34      0.33        35

predict results details:

                count  error_type   percent
target predict                             
1      1            4           0  0.444444
       2            3           1  0.333333
       3            1           2  0.111111
       4            1           3  0.111111
2      2            2           0  0.181818
       3            4           1  0.363636
       4            5           2  0.454545
3      1            1           2  0.111111
       2            3           1  0.333333
       3            1           0  0.111111
       4            4           1  0.444444
4      3            1           1  0.166667
       4            5           0  0.833333
==========================================
