
SGDClassifier: 
accuracy: 0.315789473684

             precision    recall  f1-score   support

          1       0.30      0.25      0.27        12
          2       0.21      0.20      0.21        15
          3       0.50      0.41      0.45        22
          4       0.20      0.38      0.26         8

avg / total       0.34      0.32      0.32        57

predict results details:

                count  error_type   percent
target predict                             
1      1            3           0  0.250000
       2            5           1  0.416667
       3            2           2  0.166667
       4            2           3  0.166667
2      1            2           1  0.133333
       2            3           0  0.200000
       3            5           1  0.333333
       4            5           2  0.333333
3      1            3           2  0.136364
       2            5           1  0.227273
       3            9           0  0.409091
       4            5           1  0.227273
4      1            2           3  0.250000
       2            1           2  0.125000
       3            2           1  0.250000
       4            3           0  0.375000
==========================================

KNeighborsClassifier: 
accuracy: 0.385964912281

             precision    recall  f1-score   support

          1       0.40      0.50      0.44        12
          2       0.33      0.27      0.30        15
          3       0.46      0.55      0.50        22
          4       0.00      0.00      0.00         8

avg / total       0.35      0.39      0.36        57

predict results details:

                count  error_type   percent
target predict                             
1      1            6           0  0.500000
       2            3           1  0.250000
       3            3           2  0.250000
2      1            3           1  0.200000
       2            4           0  0.266667
       3            6           1  0.400000
       4            2           2  0.133333
3      1            4           2  0.181818
       2            4           1  0.181818
       3           12           0  0.545455
       4            2           1  0.090909
4      1            2           3  0.250000
       2            1           2  0.125000
       3            5           1  0.625000
==========================================

GaussianNB: 
accuracy: 0.40350877193

             precision    recall  f1-score   support

          1       0.40      0.50      0.44        12
          2       0.27      0.20      0.23        15
          3       0.55      0.55      0.55        22
          4       0.22      0.25      0.24         8

avg / total       0.40      0.40      0.40        57

predict results details:

                count  error_type   percent
target predict                             
1      1            6           0  0.500000
       2            4           1  0.333333
       3            2           2  0.166667
2      1            3           1  0.200000
       2            3           0  0.200000
       3            5           1  0.333333
       4            4           2  0.266667
3      1            4           2  0.181818
       2            3           1  0.136364
       3           12           0  0.545455
       4            3           1  0.136364
4      1            2           3  0.250000
       2            1           2  0.125000
       3            3           1  0.375000
       4            2           0  0.250000
==========================================

DecisionTreeClassifier: 
accuracy: 0.438596491228

             precision    recall  f1-score   support

          1       0.40      0.50      0.44        12
          2       0.50      0.27      0.35        15
          3       0.57      0.59      0.58        22
          4       0.18      0.25      0.21         8

avg / total       0.46      0.44      0.44        57

predict results details:

                count  error_type   percent
target predict                             
1      1            6           0  0.500000
       2            2           1  0.166667
       3            3           2  0.250000
       4            1           3  0.083333
2      1            3           1  0.200000
       2            4           0  0.266667
       3            4           1  0.266667
       4            4           2  0.266667
3      1            4           2  0.181818
       2            1           1  0.045455
       3           13           0  0.590909
       4            4           1  0.181818
4      1            2           3  0.250000
       2            1           2  0.125000
       3            3           1  0.375000
       4            2           0  0.250000
==========================================

GradientBoostingClassifier: 
accuracy: 0.368421052632

             precision    recall  f1-score   support

          1       0.40      0.50      0.44        12
          2       0.25      0.13      0.17        15
          3       0.48      0.50      0.49        22
          4       0.18      0.25      0.21         8

avg / total       0.36      0.37      0.36        57

predict results details:

                count  error_type   percent
target predict                             
1      1            6           0  0.500000
       2            2           1  0.166667
       3            3           2  0.250000
       4            1           3  0.083333
2      1            3           1  0.200000
       2            2           0  0.133333
       3            6           1  0.400000
       4            4           2  0.266667
3      1            4           2  0.181818
       2            3           1  0.136364
       3           11           0  0.500000
       4            4           1  0.181818
4      1            2           3  0.250000
       2            1           2  0.125000
       3            3           1  0.375000
       4            2           0  0.250000
==========================================

MLPClassifier: 
accuracy: 0.40350877193

             precision    recall  f1-score   support

          1       0.36      0.42      0.38        12
          2       0.43      0.20      0.27        15
          3       0.50      0.68      0.58        22
          4       0.00      0.00      0.00         8

avg / total       0.38      0.40      0.38        57

predict results details:

                count  error_type   percent
target predict                             
1      1            5           0  0.416667
       2            2           1  0.166667
       3            4           2  0.333333
       4            1           3  0.083333
2      1            3           1  0.200000
       2            3           0  0.200000
       3            6           1  0.400000
       4            3           2  0.200000
3      1            4           2  0.181818
       2            1           1  0.045455
       3           15           0  0.681818
       4            2           1  0.090909
4      1            2           3  0.250000
       2            1           2  0.125000
       3            5           1  0.625000
==========================================
