
SGDClassifier: 
accuracy: 0.413043478261

             precision    recall  f1-score   support

          1       0.53      0.48      0.50        62
          2       0.36      0.69      0.48        55
          3       0.33      0.06      0.11        47
          4       0.38      0.25      0.30        20

avg / total       0.41      0.41      0.37       184

predict results details:

                count  error_type   percent
target predict                             
1      1           30           0  0.483871
       2           25           1  0.403226
       3            4           2  0.064516
       4            3           3  0.048387
2      1           15           1  0.272727
       2           38           0  0.690909
       3            1           1  0.018182
       4            1           2  0.018182
3      1            9           2  0.191489
       2           31           1  0.659574
       3            3           0  0.063830
       4            4           1  0.085106
4      1            3           3  0.150000
       2           11           2  0.550000
       3            1           1  0.050000
       4            5           0  0.250000
==========================================

KNeighborsClassifier: 
accuracy: 0.489130434783

             precision    recall  f1-score   support

          1       0.49      0.56      0.52        62
          2       0.62      0.36      0.46        55
          3       0.44      0.55      0.49        47
          4       0.43      0.45      0.44        20

avg / total       0.51      0.49      0.49       184

predict results details:

                count  error_type   percent
target predict                             
1      1           35           0  0.564516
       2            7           1  0.112903
       3           17           2  0.274194
       4            3           3  0.048387
2      1           23           1  0.418182
       2           20           0  0.363636
       3           10           1  0.181818
       4            2           2  0.036364
3      1           10           2  0.212766
       2            4           1  0.085106
       3           26           0  0.553191
       4            7           1  0.148936
4      1            4           3  0.200000
       2            1           2  0.050000
       3            6           1  0.300000
       4            9           0  0.450000
==========================================

GaussianNB: 
accuracy: 0.5

             precision    recall  f1-score   support

          1       0.52      0.55      0.53        62
          2       0.63      0.44      0.52        55
          3       0.47      0.57      0.51        47
          4       0.32      0.35      0.33        20

avg / total       0.52      0.50      0.50       184

predict results details:

                count  error_type   percent
target predict                             
1      1           34           0  0.548387
       2            8           1  0.129032
       3           13           2  0.209677
       4            7           3  0.112903
2      1           19           1  0.345455
       2           24           0  0.436364
       3           10           1  0.181818
       4            2           2  0.036364
3      1           10           2  0.212766
       2            4           1  0.085106
       3           27           0  0.574468
       4            6           1  0.127660
4      1            3           3  0.150000
       2            2           2  0.100000
       3            8           1  0.400000
       4            7           0  0.350000
==========================================

DecisionTreeClassifier: 
accuracy: 0.494565217391

             precision    recall  f1-score   support

          1       0.52      0.55      0.53        62
          2       0.63      0.44      0.52        55
          3       0.46      0.55      0.50        47
          4       0.30      0.35      0.33        20

avg / total       0.51      0.49      0.50       184

predict results details:

                count  error_type   percent
target predict                             
1      1           34           0  0.548387
       2            8           1  0.129032
       3           14           2  0.225806
       4            6           3  0.096774
2      1           19           1  0.345455
       2           24           0  0.436364
       3            9           1  0.163636
       4            3           2  0.054545
3      1           10           2  0.212766
       2            4           1  0.085106
       3           26           0  0.553191
       4            7           1  0.148936
4      1            3           3  0.150000
       2            2           2  0.100000
       3            8           1  0.400000
       4            7           0  0.350000
==========================================

GradientBoostingClassifier: 
accuracy: 0.489130434783

             precision    recall  f1-score   support

          1       0.52      0.55      0.53        62
          2       0.62      0.42      0.50        55
          3       0.45      0.55      0.50        47
          4       0.30      0.35      0.33        20

avg / total       0.51      0.49      0.49       184

predict results details:

                count  error_type   percent
target predict                             
1      1           34           0  0.548387
       2            8           1  0.129032
       3           14           2  0.225806
       4            6           3  0.096774
2      1           19           1  0.345455
       2           23           0  0.418182
       3           10           1  0.181818
       4            3           2  0.054545
3      1           10           2  0.212766
       2            4           1  0.085106
       3           26           0  0.553191
       4            7           1  0.148936
4      1            3           3  0.150000
       2            2           2  0.100000
       3            8           1  0.400000
       4            7           0  0.350000
==========================================

MLPClassifier: 
accuracy: 0.494565217391

             precision    recall  f1-score   support

          1       0.51      0.53      0.52        62
          2       0.63      0.44      0.52        55
          3       0.47      0.57      0.52        47
          4       0.29      0.35      0.32        20

avg / total       0.51      0.49      0.50       184

predict results details:

                count  error_type   percent
target predict                             
1      1           33           0  0.532258
       2            9           1  0.145161
       3           13           2  0.209677
       4            7           3  0.112903
2      1           19           1  0.345455
       2           24           0  0.436364
       3            9           1  0.163636
       4            3           2  0.054545
3      1           10           2  0.212766
       2            3           1  0.063830
       3           27           0  0.574468
       4            7           1  0.148936
4      1            3           3  0.150000
       2            2           2  0.100000
       3            8           1  0.400000
       4            7           0  0.350000
==========================================
