
SGDClassifier: 
accuracy: 0.432926829268

             precision    recall  f1-score   support

          1       0.32      0.28      0.30        36
          2       0.45      0.62      0.52        47
          3       0.46      0.27      0.34        41
          4       0.47      0.53      0.49        40

avg / total       0.43      0.43      0.42       164

predict results details:

                count  error_type   percent
target predict                             
1      1           10           0  0.277778
       2           14           1  0.388889
       3            3           2  0.083333
       4            9           3  0.250000
2      1           10           1  0.212766
       2           29           0  0.617021
       3            5           1  0.106383
       4            3           2  0.063830
3      1            4           2  0.097561
       2           14           1  0.341463
       3           11           0  0.268293
       4           12           1  0.292683
4      1            7           3  0.175000
       2            7           2  0.175000
       3            5           1  0.125000
       4           21           0  0.525000
==========================================

KNeighborsClassifier: 
accuracy: 0.323170731707

             precision    recall  f1-score   support

          1       0.30      0.33      0.32        36
          2       0.33      0.60      0.42        47
          3       0.30      0.20      0.24        41
          4       0.42      0.12      0.19        40

avg / total       0.34      0.32      0.30       164

predict results details:

                count  error_type   percent
target predict                             
1      1           12           0  0.333333
       2           20           1  0.555556
       3            3           2  0.083333
       4            1           3  0.027778
2      1            8           1  0.170213
       2           28           0  0.595745
       3            9           1  0.191489
       4            2           2  0.042553
3      1           13           2  0.317073
       2           16           1  0.390244
       3            8           0  0.195122
       4            4           1  0.097561
4      1            7           3  0.175000
       2           21           2  0.525000
       3            7           1  0.175000
       4            5           0  0.125000
==========================================
