
SGDClassifier: 
accuracy: 0.444444444444

             precision    recall  f1-score   support

          1       0.51      0.87      0.64        38
          2       0.00      0.00      0.00        26
          3       0.50      0.05      0.10        19
          4       0.26      0.86      0.40         7

avg / total       0.34      0.44      0.32        90

predict results details:

                count  error_type   percent
target predict                             
1      1           33           0  0.868421
       4            5           3  0.131579
2      1           20           1  0.769231
       3            1           1  0.038462
       4            5           2  0.192308
3      1           11           2  0.578947
       3            1           0  0.052632
       4            7           1  0.368421
4      1            1           3  0.142857
       4            6           0  0.857143
==========================================

KNeighborsClassifier: 
accuracy: 0.455555555556

             precision    recall  f1-score   support

          1       0.52      0.76      0.62        38
          2       0.38      0.19      0.26        26
          3       0.33      0.32      0.32        19
          4       0.33      0.14      0.20         7

avg / total       0.43      0.46      0.42        90

predict results details:

                count  error_type   percent
target predict                             
1      1           29           0  0.763158
       2            5           1  0.131579
       3            3           2  0.078947
       4            1           3  0.026316
2      1           17           1  0.653846
       2            5           0  0.192308
       3            4           1  0.153846
3      1            9           2  0.473684
       2            3           1  0.157895
       3            6           0  0.315789
       4            1           1  0.052632
4      1            1           3  0.142857
       3            5           1  0.714286
       4            1           0  0.142857
==========================================

GaussianNB: 
accuracy: 0.477777777778

             precision    recall  f1-score   support

          1       0.54      0.71      0.61        38
          2       0.38      0.23      0.29        26
          3       0.39      0.37      0.38        19
          4       0.50      0.43      0.46         7

avg / total       0.46      0.48      0.46        90

predict results details:

                count  error_type   percent
target predict                             
1      1           27           0  0.710526
       2            6           1  0.157895
       3            5           2  0.131579
2      1           15           1  0.576923
       2            6           0  0.230769
       3            3           1  0.115385
       4            2           2  0.076923
3      1            7           2  0.368421
       2            4           1  0.210526
       3            7           0  0.368421
       4            1           1  0.052632
4      1            1           3  0.142857
       3            3           1  0.428571
       4            3           0  0.428571
==========================================

DecisionTreeClassifier: 
accuracy: 0.477777777778

             precision    recall  f1-score   support

          1       0.54      0.71      0.61        38
          2       0.38      0.23      0.29        26
          3       0.41      0.37      0.39        19
          4       0.43      0.43      0.43         7

avg / total       0.46      0.48      0.46        90

predict results details:

                count  error_type   percent
target predict                             
1      1           27           0  0.710526
       2            6           1  0.157895
       3            4           2  0.105263
       4            1           3  0.026316
2      1           15           1  0.576923
       2            6           0  0.230769
       3            3           1  0.115385
       4            2           2  0.076923
3      1            7           2  0.368421
       2            4           1  0.210526
       3            7           0  0.368421
       4            1           1  0.052632
4      1            1           3  0.142857
       3            3           1  0.428571
       4            3           0  0.428571
==========================================

GradientBoostingClassifier: 
accuracy: 0.477777777778

             precision    recall  f1-score   support

          1       0.54      0.71      0.61        38
          2       0.38      0.23      0.29        26
          3       0.41      0.37      0.39        19
          4       0.43      0.43      0.43         7

avg / total       0.46      0.48      0.46        90

predict results details:

                count  error_type   percent
target predict                             
1      1           27           0  0.710526
       2            6           1  0.157895
       3            4           2  0.105263
       4            1           3  0.026316
2      1           15           1  0.576923
       2            6           0  0.230769
       3            3           1  0.115385
       4            2           2  0.076923
3      1            7           2  0.368421
       2            4           1  0.210526
       3            7           0  0.368421
       4            1           1  0.052632
4      1            1           3  0.142857
       3            3           1  0.428571
       4            3           0  0.428571
==========================================

MLPClassifier: 
accuracy: 0.477777777778

             precision    recall  f1-score   support

          1       0.54      0.71      0.61        38
          2       0.38      0.23      0.29        26
          3       0.41      0.37      0.39        19
          4       0.43      0.43      0.43         7

avg / total       0.46      0.48      0.46        90

predict results details:

                count  error_type   percent
target predict                             
1      1           27           0  0.710526
       2            6           1  0.157895
       3            4           2  0.105263
       4            1           3  0.026316
2      1           15           1  0.576923
       2            6           0  0.230769
       3            3           1  0.115385
       4            2           2  0.076923
3      1            7           2  0.368421
       2            4           1  0.210526
       3            7           0  0.368421
       4            1           1  0.052632
4      1            1           3  0.142857
       3            3           1  0.428571
       4            3           0  0.428571
==========================================
