
SGDClassifier: 
accuracy: 0.521276595745

             precision    recall  f1-score   support

          1       0.46      0.28      0.34        40
          2       0.62      0.41      0.49        37
          3       0.46      0.61      0.53        51
          4       0.56      0.68      0.62        60

avg / total       0.53      0.52      0.51       188

predict results details:

                count  error_type   percent
target predict                             
1      1           11           0  0.275000
       2            4           1  0.100000
       3           17           2  0.425000
       4            8           3  0.200000
2      1            7           1  0.189189
       2           15           0  0.405405
       3            7           1  0.189189
       4            8           2  0.216216
3      1            1           2  0.019608
       2            3           1  0.058824
       3           31           0  0.607843
       4           16           1  0.313725
4      1            5           3  0.083333
       2            2           2  0.033333
       3           12           1  0.200000
       4           41           0  0.683333
==========================================

KNeighborsClassifier: 
accuracy: 0.473404255319

             precision    recall  f1-score   support

          1       0.36      0.33      0.34        40
          2       0.44      0.32      0.38        37
          3       0.44      0.73      0.54        51
          4       0.68      0.45      0.54        60

avg / total       0.50      0.47      0.47       188

predict results details:

                count  error_type   percent
target predict                             
1      1           13           0  0.325000
       2            4           1  0.100000
       3           19           2  0.475000
       4            4           3  0.100000
2      1           10           1  0.270270
       2           12           0  0.324324
       3           13           1  0.351351
       4            2           2  0.054054
3      1            4           2  0.078431
       2            3           1  0.058824
       3           37           0  0.725490
       4            7           1  0.137255
4      1            9           3  0.150000
       2            8           2  0.133333
       3           16           1  0.266667
       4           27           0  0.450000
==========================================
