
SGDClassifier: 
accuracy: 0.21568627451

             precision    recall  f1-score   support

          1       0.00      0.00      0.00        12
          2       0.33      0.10      0.15        10
          3       0.16      0.20      0.18        15
          4       0.30      0.50      0.38        14

avg / total       0.20      0.22      0.19        51

predict results details:

                count  error_type   percent
target predict                             
1      3            7           2  0.583333
       4            5           3  0.416667
2      1            2           1  0.200000
       2            1           0  0.100000
       3            4           1  0.400000
       4            3           2  0.300000
3      1            2           2  0.133333
       2            2           1  0.133333
       3            3           0  0.200000
       4            8           1  0.533333
4      1            2           3  0.142857
       3            5           1  0.357143
       4            7           0  0.500000
==========================================

KNeighborsClassifier: 
accuracy: 0.254901960784

             precision    recall  f1-score   support

          1       0.00      0.00      0.00        12
          2       0.30      0.30      0.30        10
          3       0.29      0.27      0.28        15
          4       0.30      0.43      0.35        14

avg / total       0.23      0.25      0.24        51

predict results details:

                count  error_type   percent
target predict                             
1      2            2           1  0.166667
       3            3           2  0.250000
       4            7           3  0.583333
2      1            4           1  0.400000
       2            3           0  0.300000
       3            1           1  0.100000
       4            2           2  0.200000
3      1            1           2  0.066667
       2            5           1  0.333333
       3            4           0  0.266667
       4            5           1  0.333333
4      1            2           3  0.142857
       3            6           1  0.428571
       4            6           0  0.428571
==========================================

GaussianNB: 
accuracy: 0.352941176471

             precision    recall  f1-score   support

          1       0.00      0.00      0.00        12
          2       0.45      0.50      0.48        10
          3       0.40      0.27      0.32        15
          4       0.38      0.64      0.47        14

avg / total       0.31      0.35      0.32        51

predict results details:

                count  error_type   percent
target predict                             
1      2            2           1  0.166667
       3            3           2  0.250000
       4            7           3  0.583333
2      1            2           1  0.200000
       2            5           0  0.500000
       4            3           2  0.300000
3      1            2           2  0.133333
       2            4           1  0.266667
       3            4           0  0.266667
       4            5           1  0.333333
4      1            2           3  0.142857
       3            3           1  0.214286
       4            9           0  0.642857
==========================================

DecisionTreeClassifier: 
accuracy: 0.352941176471

             precision    recall  f1-score   support

          1       0.00      0.00      0.00        12
          2       0.45      0.50      0.48        10
          3       0.40      0.27      0.32        15
          4       0.38      0.64      0.47        14

avg / total       0.31      0.35      0.32        51

predict results details:

                count  error_type   percent
target predict                             
1      2            2           1  0.166667
       3            3           2  0.250000
       4            7           3  0.583333
2      1            2           1  0.200000
       2            5           0  0.500000
       4            3           2  0.300000
3      1            2           2  0.133333
       2            4           1  0.266667
       3            4           0  0.266667
       4            5           1  0.333333
4      1            2           3  0.142857
       3            3           1  0.214286
       4            9           0  0.642857
==========================================

GradientBoostingClassifier: 
accuracy: 0.352941176471

             precision    recall  f1-score   support

          1       0.00      0.00      0.00        12
          2       0.45      0.50      0.48        10
          3       0.40      0.27      0.32        15
          4       0.38      0.64      0.47        14

avg / total       0.31      0.35      0.32        51

predict results details:

                count  error_type   percent
target predict                             
1      2            2           1  0.166667
       3            3           2  0.250000
       4            7           3  0.583333
2      1            2           1  0.200000
       2            5           0  0.500000
       4            3           2  0.300000
3      1            2           2  0.133333
       2            4           1  0.266667
       3            4           0  0.266667
       4            5           1  0.333333
4      1            2           3  0.142857
       3            3           1  0.214286
       4            9           0  0.642857
==========================================

MLPClassifier: 
accuracy: 0.313725490196

             precision    recall  f1-score   support

          1       0.00      0.00      0.00        12
          2       0.40      0.40      0.40        10
          3       0.40      0.13      0.20        15
          4       0.33      0.71      0.45        14

avg / total       0.29      0.31      0.26        51

predict results details:

                count  error_type   percent
target predict                             
1      2            2           1  0.166667
       3            1           2  0.083333
       4            9           3  0.750000
2      1            3           1  0.300000
       2            4           0  0.400000
       4            3           2  0.300000
3      1            3           2  0.200000
       2            2           1  0.133333
       3            2           0  0.133333
       4            8           1  0.533333
4      2            2           2  0.142857
       3            2           1  0.142857
       4           10           0  0.714286
==========================================
