
SGDClassifier: 
accuracy: 0.409836065574

             precision    recall  f1-score   support

          1       0.45      0.58      0.51        24
          2       1.00      0.08      0.14        13
          3       0.35      0.44      0.39        16
          4       0.33      0.38      0.35         8

avg / total       0.53      0.41      0.38        61

predict results details:

                count  error_type   percent
target predict                             
1      1           14           0  0.583333
       3            7           2  0.291667
       4            3           3  0.125000
2      1            6           1  0.461538
       2            1           0  0.076923
       3            5           1  0.384615
       4            1           2  0.076923
3      1            7           2  0.437500
       3            7           0  0.437500
       4            2           1  0.125000
4      1            4           3  0.500000
       3            1           1  0.125000
       4            3           0  0.375000
==========================================

KNeighborsClassifier: 
accuracy: 0.360655737705

             precision    recall  f1-score   support

          1       0.48      0.67      0.56        24
          2       1.00      0.08      0.14        13
          3       0.19      0.19      0.19        16
          4       0.18      0.25      0.21         8

avg / total       0.48      0.36      0.33        61

predict results details:

                count  error_type   percent
target predict                             
1      1           16           0  0.666667
       3            7           2  0.291667
       4            1           3  0.041667
2      1            7           1  0.538462
       2            1           0  0.076923
       3            4           1  0.307692
       4            1           2  0.076923
3      1            6           2  0.375000
       3            3           0  0.187500
       4            7           1  0.437500
4      1            4           3  0.500000
       3            2           1  0.250000
       4            2           0  0.250000
==========================================

GaussianNB: 
accuracy: 0.311475409836

             precision    recall  f1-score   support

          1       0.48      0.58      0.53        24
          2       0.33      0.15      0.21        13
          3       0.00      0.00      0.00        16
          4       0.18      0.38      0.24         8

avg / total       0.28      0.31      0.28        61

predict results details:

                count  error_type   percent
target predict                             
1      1           14           0  0.583333
       2            2           1  0.083333
       3            5           2  0.208333
       4            3           3  0.125000
2      1            6           1  0.461538
       2            2           0  0.153846
       3            3           1  0.230769
       4            2           2  0.153846
3      1            5           2  0.312500
       2            2           1  0.125000
       4            9           1  0.562500
4      1            4           3  0.500000
       3            1           1  0.125000
       4            3           0  0.375000
==========================================

DecisionTreeClassifier: 
accuracy: 0.295081967213

             precision    recall  f1-score   support

          1       0.54      0.58      0.56        24
          2       0.12      0.08      0.10        13
          3       0.11      0.12      0.12        16
          4       0.11      0.12      0.12         8

avg / total       0.28      0.30      0.29        61

predict results details:

                count  error_type   percent
target predict                             
1      1           14           0  0.583333
       2            2           1  0.083333
       3            8           2  0.333333
2      1            6           1  0.461538
       2            1           0  0.076923
       3            5           1  0.384615
       4            1           2  0.076923
3      1            4           2  0.250000
       2            3           1  0.187500
       3            2           0  0.125000
       4            7           1  0.437500
4      1            2           3  0.250000
       2            2           2  0.250000
       3            3           1  0.375000
       4            1           0  0.125000
==========================================

GradientBoostingClassifier: 
accuracy: 0.295081967213

             precision    recall  f1-score   support

          1       0.54      0.58      0.56        24
          2       0.12      0.08      0.10        13
          3       0.11      0.12      0.12        16
          4       0.11      0.12      0.12         8

avg / total       0.28      0.30      0.29        61

predict results details:

                count  error_type   percent
target predict                             
1      1           14           0  0.583333
       2            2           1  0.083333
       3            8           2  0.333333
2      1            6           1  0.461538
       2            1           0  0.076923
       3            5           1  0.384615
       4            1           2  0.076923
3      1            4           2  0.250000
       2            3           1  0.187500
       3            2           0  0.125000
       4            7           1  0.437500
4      1            2           3  0.250000
       2            2           2  0.250000
       3            3           1  0.375000
       4            1           0  0.125000
==========================================

MLPClassifier: 
accuracy: 0.311475409836

             precision    recall  f1-score   support

          1       0.50      0.62      0.56        24
          2       0.00      0.00      0.00        13
          3       0.00      0.00      0.00        16
          4       0.18      0.50      0.27         8

avg / total       0.22      0.31      0.25        61

predict results details:

                count  error_type   percent
target predict                             
1      1           15           0  0.625000
       3            5           2  0.208333
       4            4           3  0.166667
2      1            7           1  0.538462
       3            4           1  0.307692
       4            2           2  0.153846
3      1            4           2  0.250000
       4           12           1  0.750000
4      1            4           3  0.500000
       4            4           0  0.500000
==========================================
