
SGDClassifier: 
accuracy: 0.311688311688

             precision    recall  f1-score   support

          1       0.14      0.07      0.09        15
          2       0.32      0.30      0.31        23
          3       0.33      0.73      0.46        22
          4       0.00      0.00      0.00        17

avg / total       0.22      0.31      0.24        77

predict results details:

                count  error_type   percent
target predict                             
1      1            1           0  0.066667
       2            7           1  0.466667
       3            7           2  0.466667
2      1            2           1  0.086957
       2            7           0  0.304348
       3           14           1  0.608696
3      1            1           2  0.045455
       2            5           1  0.227273
       3           16           0  0.727273
4      1            3           3  0.176471
       2            3           2  0.176471
       3           11           1  0.647059
==========================================

KNeighborsClassifier: 
accuracy: 0.38961038961

             precision    recall  f1-score   support

          1       0.25      0.20      0.22        15
          2       0.30      0.35      0.32        23
          3       0.42      0.45      0.43        22
          4       0.64      0.53      0.58        17

avg / total       0.40      0.39      0.39        77

predict results details:

                count  error_type   percent
target predict                             
1      1            3           0  0.200000
       2            7           1  0.466667
       3            4           2  0.266667
       4            1           3  0.066667
2      1            4           1  0.173913
       2            8           0  0.347826
       3            8           1  0.347826
       4            3           2  0.130435
3      1            2           2  0.090909
       2            9           1  0.409091
       3           10           0  0.454545
       4            1           1  0.045455
4      1            3           3  0.176471
       2            3           2  0.176471
       3            2           1  0.117647
       4            9           0  0.529412
==========================================

GaussianNB: 
accuracy: 0.428571428571

             precision    recall  f1-score   support

          1       0.24      0.27      0.25        15
          2       0.39      0.48      0.43        23
          3       0.50      0.32      0.39        22
          4       0.61      0.65      0.63        17

avg / total       0.44      0.43      0.43        77

predict results details:

                count  error_type   percent
target predict                             
1      1            4           0  0.266667
       2            6           1  0.400000
       3            4           2  0.266667
       4            1           3  0.066667
2      1            5           1  0.217391
       2           11           0  0.478261
       3            3           1  0.130435
       4            4           2  0.173913
3      1            3           2  0.136364
       2           10           1  0.454545
       3            7           0  0.318182
       4            2           1  0.090909
4      1            5           3  0.294118
       2            1           2  0.058824
       4           11           0  0.647059
==========================================

DecisionTreeClassifier: 
accuracy: 0.428571428571

             precision    recall  f1-score   support

          1       0.24      0.27      0.25        15
          2       0.39      0.48      0.43        23
          3       0.50      0.32      0.39        22
          4       0.61      0.65      0.63        17

avg / total       0.44      0.43      0.43        77

predict results details:

                count  error_type   percent
target predict                             
1      1            4           0  0.266667
       2            6           1  0.400000
       3            4           2  0.266667
       4            1           3  0.066667
2      1            5           1  0.217391
       2           11           0  0.478261
       3            3           1  0.130435
       4            4           2  0.173913
3      1            3           2  0.136364
       2           10           1  0.454545
       3            7           0  0.318182
       4            2           1  0.090909
4      1            5           3  0.294118
       2            1           2  0.058824
       4           11           0  0.647059
==========================================

GradientBoostingClassifier: 
accuracy: 0.428571428571

             precision    recall  f1-score   support

          1       0.24      0.27      0.25        15
          2       0.39      0.48      0.43        23
          3       0.50      0.32      0.39        22
          4       0.61      0.65      0.63        17

avg / total       0.44      0.43      0.43        77

predict results details:

                count  error_type   percent
target predict                             
1      1            4           0  0.266667
       2            6           1  0.400000
       3            4           2  0.266667
       4            1           3  0.066667
2      1            5           1  0.217391
       2           11           0  0.478261
       3            3           1  0.130435
       4            4           2  0.173913
3      1            3           2  0.136364
       2           10           1  0.454545
       3            7           0  0.318182
       4            2           1  0.090909
4      1            5           3  0.294118
       2            1           2  0.058824
       4           11           0  0.647059
==========================================

MLPClassifier: 
accuracy: 0.428571428571

             precision    recall  f1-score   support

          1       0.24      0.27      0.25        15
          2       0.39      0.48      0.43        23
          3       0.50      0.32      0.39        22
          4       0.61      0.65      0.63        17

avg / total       0.44      0.43      0.43        77

predict results details:

                count  error_type   percent
target predict                             
1      1            4           0  0.266667
       2            6           1  0.400000
       3            4           2  0.266667
       4            1           3  0.066667
2      1            5           1  0.217391
       2           11           0  0.478261
       3            3           1  0.130435
       4            4           2  0.173913
3      1            3           2  0.136364
       2           10           1  0.454545
       3            7           0  0.318182
       4            2           1  0.090909
4      1            5           3  0.294118
       2            1           2  0.058824
       4           11           0  0.647059
==========================================
