
SGDClassifier: 
accuracy: 0.495327102804

             precision    recall  f1-score   support

          1       0.57      0.70      0.63        37
          2       0.46      0.19      0.27        31
          3       0.41      0.64      0.50        25
          4       0.56      0.36      0.43        14

avg / total       0.50      0.50      0.47       107

predict results details:

                count  error_type   percent
target predict                             
1      1           26           0  0.702703
       2            7           1  0.189189
       3            4           2  0.108108
2      1           13           1  0.419355
       2            6           0  0.193548
       3           10           1  0.322581
       4            2           2  0.064516
3      1            7           2  0.280000
       3           16           0  0.640000
       4            2           1  0.080000
4      3            9           1  0.642857
       4            5           0  0.357143
==========================================

KNeighborsClassifier: 
accuracy: 0.429906542056

             precision    recall  f1-score   support

          1       0.44      0.68      0.53        37
          2       0.47      0.26      0.33        31
          3       0.39      0.48      0.43        25
          4       0.50      0.07      0.12        14

avg / total       0.44      0.43      0.40       107

predict results details:

                count  error_type   percent
target predict                             
1      1           25           0  0.675676
       2            8           1  0.216216
       3            4           2  0.108108
2      1           18           1  0.580645
       2            8           0  0.258065
       3            5           1  0.161290
3      1           11           2  0.440000
       2            1           1  0.040000
       3           12           0  0.480000
       4            1           1  0.040000
4      1            3           3  0.214286
       3           10           1  0.714286
       4            1           0  0.071429
==========================================
