
SGDClassifier: 
accuracy: 0.476744186047

             precision    recall  f1-score   support

          1       0.41      0.61      0.49        18
          2       0.00      0.00      0.00        20
          3       0.50      0.33      0.40        21
          4       0.51      0.85      0.64        27

avg / total       0.37      0.48      0.40        86

predict results details:

                count  error_type   percent
target predict                             
1      1           11           0  0.611111
       3            1           2  0.055556
       4            6           3  0.333333
2      1           12           1  0.600000
       3            4           1  0.200000
       4            4           2  0.200000
3      1            2           2  0.095238
       3            7           0  0.333333
       4           12           1  0.571429
4      1            2           3  0.074074
       3            2           1  0.074074
       4           23           0  0.851852
==========================================

KNeighborsClassifier: 
accuracy: 0.546511627907

             precision    recall  f1-score   support

          1       0.48      0.56      0.51        18
          2       0.50      0.35      0.41        20
          3       0.62      0.48      0.54        21
          4       0.57      0.74      0.65        27

avg / total       0.55      0.55      0.54        86

predict results details:

                count  error_type   percent
target predict                             
1      1           10           0  0.555556
       2            2           1  0.111111
       3            1           2  0.055556
       4            5           3  0.277778
2      1            8           1  0.400000
       2            7           0  0.350000
       3            1           1  0.050000
       4            4           2  0.200000
3      1            1           2  0.047619
       2            4           1  0.190476
       3           10           0  0.476190
       4            6           1  0.285714
4      1            2           3  0.074074
       2            1           2  0.037037
       3            4           1  0.148148
       4           20           0  0.740741
==========================================

GaussianNB: 
accuracy: 0.53488372093

             precision    recall  f1-score   support

          1       0.50      0.50      0.50        18
          2       0.47      0.35      0.40        20
          3       0.56      0.43      0.49        21
          4       0.57      0.78      0.66        27

avg / total       0.53      0.53      0.52        86

predict results details:

                count  error_type   percent
target predict                             
1      1            9           0  0.500000
       2            3           1  0.166667
       3            2           2  0.111111
       4            4           3  0.222222
2      1            7           1  0.350000
       2            7           0  0.350000
       3            2           1  0.100000
       4            4           2  0.200000
3      2            4           1  0.190476
       3            9           0  0.428571
       4            8           1  0.380952
4      1            2           3  0.074074
       2            1           2  0.037037
       3            3           1  0.111111
       4           21           0  0.777778
==========================================

DecisionTreeClassifier: 
accuracy: 0.511627906977

             precision    recall  f1-score   support

          1       0.44      0.39      0.41        18
          2       0.50      0.40      0.44        20
          3       0.50      0.38      0.43        21
          4       0.55      0.78      0.65        27

avg / total       0.50      0.51      0.50        86

predict results details:

                count  error_type   percent
target predict                             
1      1            7           0  0.388889
       2            3           1  0.166667
       3            3           2  0.166667
       4            5           3  0.277778
2      1            6           1  0.300000
       2            8           0  0.400000
       3            2           1  0.100000
       4            4           2  0.200000
3      1            1           2  0.047619
       2            4           1  0.190476
       3            8           0  0.380952
       4            8           1  0.380952
4      1            2           3  0.074074
       2            1           2  0.037037
       3            3           1  0.111111
       4           21           0  0.777778
==========================================

GradientBoostingClassifier: 
accuracy: 0.523255813953

             precision    recall  f1-score   support

          1       0.50      0.44      0.47        18
          2       0.50      0.40      0.44        20
          3       0.50      0.38      0.43        21
          4       0.55      0.78      0.65        27

avg / total       0.52      0.52      0.51        86

predict results details:

                count  error_type   percent
target predict                             
1      1            8           0  0.444444
       2            3           1  0.166667
       3            2           2  0.111111
       4            5           3  0.277778
2      1            5           1  0.250000
       2            8           0  0.400000
       3            3           1  0.150000
       4            4           2  0.200000
3      1            1           2  0.047619
       2            4           1  0.190476
       3            8           0  0.380952
       4            8           1  0.380952
4      1            2           3  0.074074
       2            1           2  0.037037
       3            3           1  0.111111
       4           21           0  0.777778
==========================================

MLPClassifier: 
accuracy: 0.5

             precision    recall  f1-score   support

          1       0.50      0.44      0.47        18
          2       0.53      0.50      0.51        20
          3       0.45      0.24      0.31        21
          4       0.50      0.74      0.60        27

avg / total       0.50      0.50      0.48        86

predict results details:

                count  error_type   percent
target predict                             
1      1            8           0  0.444444
       2            4           1  0.222222
       3            1           2  0.055556
       4            5           3  0.277778
2      1            5           1  0.250000
       2           10           0  0.500000
       3            1           1  0.050000
       4            4           2  0.200000
3      1            1           2  0.047619
       2            4           1  0.190476
       3            5           0  0.238095
       4           11           1  0.523810
4      1            2           3  0.074074
       2            1           2  0.037037
       3            4           1  0.148148
       4           20           0  0.740741
==========================================
