
SGDClassifier: 
accuracy: 0.375

             precision    recall  f1-score   support

          1       0.41      0.64      0.50        14
          2       0.00      0.00      0.00        10
          3       0.00      0.00      0.00        11
          4       0.39      0.69      0.50        13

avg / total       0.23      0.38      0.28        48

predict results details:

                count  error_type   percent
target predict                             
1      1            9           0  0.642857
       4            5           3  0.357143
2      1            5           1  0.500000
       4            5           2  0.500000
3      1            5           2  0.454545
       2            2           1  0.181818
       4            4           1  0.363636
4      1            3           3  0.230769
       2            1           2  0.076923
       4            9           0  0.692308
==========================================

KNeighborsClassifier: 
accuracy: 0.25

             precision    recall  f1-score   support

          1       0.29      0.36      0.32        14
          2       0.00      0.00      0.00        10
          3       0.27      0.27      0.27        11
          4       0.33      0.31      0.32        13

avg / total       0.24      0.25      0.24        48

predict results details:

                count  error_type   percent
target predict                             
1      1            5           0  0.357143
       2            5           1  0.357143
       3            1           2  0.071429
       4            3           3  0.214286
2      1            5           1  0.500000
       3            1           1  0.100000
       4            4           2  0.400000
3      1            4           2  0.363636
       2            3           1  0.272727
       3            3           0  0.272727
       4            1           1  0.090909
4      1            3           3  0.230769
       3            6           1  0.461538
       4            4           0  0.307692
==========================================

GaussianNB: 
accuracy: 0.25

             precision    recall  f1-score   support

          1       0.26      0.43      0.32        14
          2       0.12      0.10      0.11        10
          3       0.14      0.09      0.11        11
          4       0.40      0.31      0.35        13

avg / total       0.24      0.25      0.24        48

predict results details:

                count  error_type   percent
target predict                             
1      1            6           0  0.428571
       2            4           1  0.285714
       4            4           3  0.285714
2      1            5           1  0.500000
       2            1           0  0.100000
       3            3           1  0.300000
       4            1           2  0.100000
3      1            6           2  0.545455
       2            3           1  0.272727
       3            1           0  0.090909
       4            1           1  0.090909
4      1            6           3  0.461538
       3            3           1  0.230769
       4            4           0  0.307692
==========================================

DecisionTreeClassifier: 
accuracy: 0.25

             precision    recall  f1-score   support

          1       0.27      0.29      0.28        14
          2       0.11      0.10      0.11        10
          3       0.21      0.27      0.24        11
          4       0.40      0.31      0.35        13

avg / total       0.26      0.25      0.25        48

predict results details:

                count  error_type   percent
target predict                             
1      1            4           0  0.285714
       2            5           1  0.357143
       3            1           2  0.071429
       4            4           3  0.285714
2      1            4           1  0.400000
       2            1           0  0.100000
       3            4           1  0.400000
       4            1           2  0.100000
3      1            4           2  0.363636
       2            3           1  0.272727
       3            3           0  0.272727
       4            1           1  0.090909
4      1            3           3  0.230769
       3            6           1  0.461538
       4            4           0  0.307692
==========================================

GradientBoostingClassifier: 
accuracy: 0.25

             precision    recall  f1-score   support

          1       0.27      0.29      0.28        14
          2       0.11      0.10      0.11        10
          3       0.21      0.27      0.24        11
          4       0.40      0.31      0.35        13

avg / total       0.26      0.25      0.25        48

predict results details:

                count  error_type   percent
target predict                             
1      1            4           0  0.285714
       2            5           1  0.357143
       3            1           2  0.071429
       4            4           3  0.285714
2      1            4           1  0.400000
       2            1           0  0.100000
       3            4           1  0.400000
       4            1           2  0.100000
3      1            4           2  0.363636
       2            3           1  0.272727
       3            3           0  0.272727
       4            1           1  0.090909
4      1            3           3  0.230769
       3            6           1  0.461538
       4            4           0  0.307692
==========================================

MLPClassifier: 
accuracy: 0.291666666667

             precision    recall  f1-score   support

          1       0.35      0.43      0.39        14
          2       0.14      0.10      0.12        10
          3       0.20      0.27      0.23        11
          4       0.44      0.31      0.36        13

avg / total       0.30      0.29      0.29        48

predict results details:

                count  error_type   percent
target predict                             
1      1            6           0  0.428571
       2            3           1  0.214286
       3            2           2  0.142857
       4            3           3  0.214286
2      1            4           1  0.400000
       2            1           0  0.100000
       3            4           1  0.400000
       4            1           2  0.100000
3      1            4           2  0.363636
       2            3           1  0.272727
       3            3           0  0.272727
       4            1           1  0.090909
4      1            3           3  0.230769
       3            6           1  0.461538
       4            4           0  0.307692
==========================================
