
SGDClassifier: 
accuracy: 0.309090909091

             precision    recall  f1-score   support

          1       0.25      0.24      0.25        41
          2       0.33      0.47      0.39        47
          3       0.36      0.27      0.31        48
          4       0.26      0.21      0.23        29

avg / total       0.31      0.31      0.30       165

predict results details:

                count  error_type   percent
target predict                             
1      1           10           0  0.243902
       2           18           1  0.439024
       3            6           2  0.146341
       4            7           3  0.170732
2      1           11           1  0.234043
       2           22           0  0.468085
       3            9           1  0.191489
       4            5           2  0.106383
3      1           12           2  0.250000
       2           18           1  0.375000
       3           13           0  0.270833
       4            5           1  0.104167
4      1            7           3  0.241379
       2            8           2  0.275862
       3            8           1  0.275862
       4            6           0  0.206897
==========================================

KNeighborsClassifier: 
accuracy: 0.309090909091

             precision    recall  f1-score   support

          1       0.25      0.51      0.34        41
          2       0.35      0.32      0.33        47
          3       0.37      0.21      0.27        48
          4       0.42      0.17      0.24        29

avg / total       0.34      0.31      0.30       165

predict results details:

                count  error_type   percent
target predict                             
1      1           21           0  0.512195
       2           15           1  0.365854
       3            4           2  0.097561
       4            1           3  0.024390
2      1           21           1  0.446809
       2           15           0  0.319149
       3            9           1  0.191489
       4            2           2  0.042553
3      1           22           2  0.458333
       2           12           1  0.250000
       3           10           0  0.208333
       4            4           1  0.083333
4      1           19           3  0.655172
       2            1           2  0.034483
       3            4           1  0.137931
       4            5           0  0.172414
==========================================
