
SGDClassifier: 
accuracy: 0.421568627451

             precision    recall  f1-score   support

          1       0.29      0.32      0.30        22
          2       0.40      0.48      0.43        21
          3       0.40      0.32      0.36        25
          4       0.55      0.53      0.54        34

avg / total       0.43      0.42      0.42       102

predict results details:

                count  error_type   percent
target predict                             
1      1            7           0  0.318182
       2            5           1  0.227273
       3            1           2  0.045455
       4            9           3  0.409091
2      1            3           1  0.142857
       2           10           0  0.476190
       3            5           1  0.238095
       4            3           2  0.142857
3      1            8           2  0.320000
       2            6           1  0.240000
       3            8           0  0.320000
       4            3           1  0.120000
4      1            6           3  0.176471
       2            4           2  0.117647
       3            6           1  0.176471
       4           18           0  0.529412
==========================================

KNeighborsClassifier: 
accuracy: 0.352941176471

             precision    recall  f1-score   support

          1       0.25      0.27      0.26        22
          2       0.29      0.24      0.26        21
          3       0.25      0.36      0.30        25
          4       0.64      0.47      0.54        34

avg / total       0.39      0.35      0.36       102

predict results details:

                count  error_type   percent
target predict                             
1      1            6           0  0.272727
       2            5           1  0.227273
       3            6           2  0.272727
       4            5           3  0.227273
2      1            5           1  0.238095
       2            5           0  0.238095
       3            9           1  0.428571
       4            2           2  0.095238
3      1           10           2  0.400000
       2            4           1  0.160000
       3            9           0  0.360000
       4            2           1  0.080000
4      1            3           3  0.088235
       2            3           2  0.088235
       3           12           1  0.352941
       4           16           0  0.470588
==========================================
