
SGDClassifier: 
accuracy: 0.333333333333

             precision    recall  f1-score   support

          1       0.39      0.37      0.38        76
          2       0.45      0.15      0.23        93
          3       0.29      0.65      0.40        89
          4       0.41      0.13      0.20        69

avg / total       0.38      0.33      0.30       327

predict results details:

                count  error_type   percent
target predict                             
1      1           28           0  0.368421
       2            4           1  0.052632
       3           41           2  0.539474
       4            3           3  0.039474
2      1           18           1  0.193548
       2           14           0  0.150538
       3           58           1  0.623656
       4            3           2  0.032258
3      1           16           2  0.179775
       2            8           1  0.089888
       3           58           0  0.651685
       4            7           1  0.078652
4      1           10           3  0.144928
       2            5           2  0.072464
       3           45           1  0.652174
       4            9           0  0.130435
==========================================

KNeighborsClassifier: 
accuracy: 0.385321100917

             precision    recall  f1-score   support

          1       0.42      0.29      0.34        76
          2       0.34      0.41      0.37        93
          3       0.38      0.49      0.43        89
          4       0.48      0.32      0.38        69

avg / total       0.40      0.39      0.38       327

predict results details:

                count  error_type   percent
target predict                             
1      1           22           0  0.289474
       2           30           1  0.394737
       3           16           2  0.210526
       4            8           3  0.105263
2      1           12           1  0.129032
       2           38           0  0.408602
       3           33           1  0.354839
       4           10           2  0.107527
3      1            9           2  0.101124
       2           30           1  0.337079
       3           44           0  0.494382
       4            6           1  0.067416
4      1            9           3  0.130435
       2           14           2  0.202899
       3           24           1  0.347826
       4           22           0  0.318841
==========================================

GaussianNB: 
accuracy: 0.360856269113

             precision    recall  f1-score   support

          1       0.38      0.37      0.38        76
          2       0.33      0.37      0.35        93
          3       0.32      0.36      0.34        89
          4       0.48      0.35      0.40        69

avg / total       0.37      0.36      0.36       327

predict results details:

                count  error_type   percent
target predict                             
1      1           28           0  0.368421
       2           24           1  0.315789
       3           16           2  0.210526
       4            8           3  0.105263
2      1           18           1  0.193548
       2           34           0  0.365591
       3           31           1  0.333333
       4           10           2  0.107527
3      1           17           2  0.191011
       2           32           1  0.359551
       3           32           0  0.359551
       4            8           1  0.089888
4      1           10           3  0.144928
       2           14           2  0.202899
       3           21           1  0.304348
       4           24           0  0.347826
==========================================

DecisionTreeClassifier: 
accuracy: 0.363914373089

             precision    recall  f1-score   support

          1       0.38      0.37      0.38        76
          2       0.33      0.38      0.35        93
          3       0.32      0.36      0.34        89
          4       0.48      0.35      0.40        69

avg / total       0.37      0.36      0.37       327

predict results details:

                count  error_type   percent
target predict                             
1      1           28           0  0.368421
       2           24           1  0.315789
       3           16           2  0.210526
       4            8           3  0.105263
2      1           18           1  0.193548
       2           35           0  0.376344
       3           30           1  0.322581
       4           10           2  0.107527
3      1           17           2  0.191011
       2           32           1  0.359551
       3           32           0  0.359551
       4            8           1  0.089888
4      1           10           3  0.144928
       2           14           2  0.202899
       3           21           1  0.304348
       4           24           0  0.347826
==========================================

GradientBoostingClassifier: 
accuracy: 0.363914373089

             precision    recall  f1-score   support

          1       0.38      0.37      0.38        76
          2       0.33      0.38      0.35        93
          3       0.32      0.36      0.34        89
          4       0.48      0.35      0.40        69

avg / total       0.37      0.36      0.37       327

predict results details:

                count  error_type   percent
target predict                             
1      1           28           0  0.368421
       2           24           1  0.315789
       3           16           2  0.210526
       4            8           3  0.105263
2      1           18           1  0.193548
       2           35           0  0.376344
       3           30           1  0.322581
       4           10           2  0.107527
3      1           17           2  0.191011
       2           32           1  0.359551
       3           32           0  0.359551
       4            8           1  0.089888
4      1           10           3  0.144928
       2           14           2  0.202899
       3           21           1  0.304348
       4           24           0  0.347826
==========================================

MLPClassifier: 
accuracy: 0.360856269113

             precision    recall  f1-score   support

          1       0.38      0.37      0.38        76
          2       0.33      0.37      0.35        93
          3       0.32      0.36      0.34        89
          4       0.48      0.35      0.40        69

avg / total       0.37      0.36      0.36       327

predict results details:

                count  error_type   percent
target predict                             
1      1           28           0  0.368421
       2           24           1  0.315789
       3           16           2  0.210526
       4            8           3  0.105263
2      1           18           1  0.193548
       2           34           0  0.365591
       3           31           1  0.333333
       4           10           2  0.107527
3      1           17           2  0.191011
       2           32           1  0.359551
       3           32           0  0.359551
       4            8           1  0.089888
4      1           10           3  0.144928
       2           14           2  0.202899
       3           21           1  0.304348
       4           24           0  0.347826
==========================================
