
SGDClassifier: 
accuracy: 0.459016393443

             precision    recall  f1-score   support

          1       0.52      0.42      0.46        62
          2       0.41      0.58      0.48        55
          3       0.51      0.41      0.46        46
          4       0.41      0.35      0.38        20

avg / total       0.47      0.46      0.46       183

predict results details:

                count  error_type   percent
target predict                             
1      1           26           0  0.419355
       2           27           1  0.435484
       3            7           2  0.112903
       4            2           3  0.032258
2      1           14           1  0.254545
       2           32           0  0.581818
       3            6           1  0.109091
       4            3           2  0.054545
3      1            7           2  0.152174
       2           15           1  0.326087
       3           19           0  0.413043
       4            5           1  0.108696
4      1            3           3  0.150000
       2            5           2  0.250000
       3            5           1  0.250000
       4            7           0  0.350000
==========================================

KNeighborsClassifier: 
accuracy: 0.387978142077

             precision    recall  f1-score   support

          1       0.46      0.39      0.42        62
          2       0.35      0.47      0.40        55
          3       0.62      0.28      0.39        46
          4       0.22      0.40      0.29        20

avg / total       0.44      0.39      0.39       183

predict results details:

                count  error_type   percent
target predict                             
1      1           24           0  0.387097
       2           20           1  0.322581
       3            3           2  0.048387
       4           15           3  0.241935
2      1           17           1  0.309091
       2           26           0  0.472727
       3            3           1  0.054545
       4            9           2  0.163636
3      1            7           2  0.152174
       2           22           1  0.478261
       3           13           0  0.282609
       4            4           1  0.086957
4      1            4           3  0.200000
       2            6           2  0.300000
       3            2           1  0.100000
       4            8           0  0.400000
==========================================
