
SGDClassifier: 
accuracy: 0.474285714286

             precision    recall  f1-score   support

          1       0.40      0.43      0.41        58
          2       0.54      0.62      0.58        69
          3       0.50      0.35      0.41        40
          4       0.25      0.12      0.17         8

avg / total       0.47      0.47      0.47       175

predict results details:

                count  error_type   percent
target predict                             
1      1           25           0  0.431034
       2           25           1  0.431034
       3            8           2  0.137931
2      1           22           1  0.318841
       2           43           0  0.623188
       3            2           1  0.028986
       4            2           2  0.028986
3      1           15           2  0.375000
       2           10           1  0.250000
       3           14           0  0.350000
       4            1           1  0.025000
4      1            1           3  0.125000
       2            2           2  0.250000
       3            4           1  0.500000
       4            1           0  0.125000
==========================================

KNeighborsClassifier: 
accuracy: 0.405714285714

             precision    recall  f1-score   support

          1       0.38      0.24      0.29        58
          2       0.41      0.72      0.52        69
          3       0.47      0.17      0.25        40
          4       0.00      0.00      0.00         8

avg / total       0.39      0.41      0.36       175

predict results details:

                count  error_type   percent
target predict                             
1      1           14           0  0.241379
       2           42           1  0.724138
       3            2           2  0.034483
2      1           14           1  0.202899
       2           50           0  0.724638
       3            5           1  0.072464
3      1            8           2  0.200000
       2           25           1  0.625000
       3            7           0  0.175000
4      1            1           3  0.125000
       2            6           2  0.750000
       3            1           1  0.125000
==========================================
