
SGDClassifier: 
accuracy: 0.458333333333

             precision    recall  f1-score   support

          1       0.50      0.38      0.43         8
          2       0.29      0.22      0.25         9
          3       0.50      0.43      0.46        14
          4       0.48      0.65      0.55        17

avg / total       0.45      0.46      0.45        48

predict results details:

                count  error_type   percent
target predict                             
1      1            3           0  0.375000
       2            2           1  0.250000
       3            1           2  0.125000
       4            2           3  0.250000
2      1            1           1  0.111111
       2            2           0  0.222222
       3            2           1  0.222222
       4            4           2  0.444444
3      1            1           2  0.071429
       2            1           1  0.071429
       3            6           0  0.428571
       4            6           1  0.428571
4      1            1           3  0.058824
       2            2           2  0.117647
       3            3           1  0.176471
       4           11           0  0.647059
==========================================

KNeighborsClassifier: 
accuracy: 0.333333333333

             precision    recall  f1-score   support

          1       0.00      0.00      0.00         8
          2       0.40      0.22      0.29         9
          3       0.38      0.64      0.47        14
          4       0.38      0.29      0.33        17

avg / total       0.32      0.33      0.31        48

predict results details:

                count  error_type   percent
target predict                             
1      2            2           1  0.250000
       3            4           2  0.500000
       4            2           3  0.250000
2      1            3           1  0.333333
       2            2           0  0.222222
       3            3           1  0.333333
       4            1           2  0.111111
3      3            9           0  0.642857
       4            5           1  0.357143
4      1            3           3  0.176471
       2            1           2  0.058824
       3            8           1  0.470588
       4            5           0  0.294118
==========================================
