
SGDClassifier: 
accuracy: 0.369047619048

             precision    recall  f1-score   support

          1       0.42      0.25      0.31        20
          2       0.43      0.34      0.38        29
          3       0.36      0.68      0.47        22
          4       0.14      0.08      0.10        13

avg / total       0.36      0.37      0.35        84

predict results details:

                count  error_type   percent
target predict                             
1      1            5           0  0.250000
       2            6           1  0.300000
       3            8           2  0.400000
       4            1           3  0.050000
2      1            7           1  0.241379
       2           10           0  0.344828
       3           11           1  0.379310
       4            1           2  0.034483
3      2            3           1  0.136364
       3           15           0  0.681818
       4            4           1  0.181818
4      2            4           2  0.307692
       3            8           1  0.615385
       4            1           0  0.076923
==========================================

KNeighborsClassifier: 
accuracy: 0.488095238095

             precision    recall  f1-score   support

          1       0.47      0.40      0.43        20
          2       0.59      0.59      0.59        29
          3       0.44      0.68      0.54        22
          4       0.25      0.08      0.12        13

avg / total       0.47      0.49      0.46        84

predict results details:

                count  error_type   percent
target predict                             
1      1            8           0  0.400000
       2            5           1  0.250000
       3            7           2  0.350000
2      1            4           1  0.137931
       2           17           0  0.586207
       3            6           1  0.206897
       4            2           2  0.068966
3      1            3           2  0.136364
       2            3           1  0.136364
       3           15           0  0.681818
       4            1           1  0.045455
4      1            2           3  0.153846
       2            4           2  0.307692
       3            6           1  0.461538
       4            1           0  0.076923
==========================================

GaussianNB: 
accuracy: 0.416666666667

             precision    recall  f1-score   support

          1       0.38      0.30      0.33        20
          2       0.47      0.48      0.47        29
          3       0.43      0.59      0.50        22
          4       0.25      0.15      0.19        13

avg / total       0.40      0.42      0.40        84

predict results details:

                count  error_type   percent
target predict                             
1      1            6           0  0.300000
       2            7           1  0.350000
       3            6           2  0.300000
       4            1           3  0.050000
2      1            7           1  0.241379
       2           14           0  0.482759
       3            6           1  0.206897
       4            2           2  0.068966
3      1            2           2  0.090909
       2            4           1  0.181818
       3           13           0  0.590909
       4            3           1  0.136364
4      1            1           3  0.076923
       2            5           2  0.384615
       3            5           1  0.384615
       4            2           0  0.153846
==========================================

DecisionTreeClassifier: 
accuracy: 0.428571428571

             precision    recall  f1-score   support

          1       0.33      0.30      0.32        20
          2       0.52      0.52      0.52        29
          3       0.45      0.59      0.51        22
          4       0.25      0.15      0.19        13

avg / total       0.41      0.43      0.42        84

predict results details:

                count  error_type   percent
target predict                             
1      1            6           0  0.300000
       2            7           1  0.350000
       3            6           2  0.300000
       4            1           3  0.050000
2      1            7           1  0.241379
       2           15           0  0.517241
       3            5           1  0.172414
       4            2           2  0.068966
3      1            3           2  0.136364
       2            3           1  0.136364
       3           13           0  0.590909
       4            3           1  0.136364
4      1            2           3  0.153846
       2            4           2  0.307692
       3            5           1  0.384615
       4            2           0  0.153846
==========================================

GradientBoostingClassifier: 
accuracy: 0.428571428571

             precision    recall  f1-score   support

          1       0.33      0.30      0.32        20
          2       0.52      0.52      0.52        29
          3       0.45      0.59      0.51        22
          4       0.25      0.15      0.19        13

avg / total       0.41      0.43      0.42        84

predict results details:

                count  error_type   percent
target predict                             
1      1            6           0  0.300000
       2            7           1  0.350000
       3            6           2  0.300000
       4            1           3  0.050000
2      1            7           1  0.241379
       2           15           0  0.517241
       3            5           1  0.172414
       4            2           2  0.068966
3      1            3           2  0.136364
       2            3           1  0.136364
       3           13           0  0.590909
       4            3           1  0.136364
4      1            2           3  0.153846
       2            4           2  0.307692
       3            5           1  0.384615
       4            2           0  0.153846
==========================================

MLPClassifier: 
accuracy: 0.428571428571

             precision    recall  f1-score   support

          1       0.33      0.30      0.32        20
          2       0.52      0.52      0.52        29
          3       0.45      0.59      0.51        22
          4       0.25      0.15      0.19        13

avg / total       0.41      0.43      0.42        84

predict results details:

                count  error_type   percent
target predict                             
1      1            6           0  0.300000
       2            7           1  0.350000
       3            6           2  0.300000
       4            1           3  0.050000
2      1            7           1  0.241379
       2           15           0  0.517241
       3            5           1  0.172414
       4            2           2  0.068966
3      1            3           2  0.136364
       2            3           1  0.136364
       3           13           0  0.590909
       4            3           1  0.136364
4      1            2           3  0.153846
       2            4           2  0.307692
       3            5           1  0.384615
       4            2           0  0.153846
==========================================
