
SGDClassifier: 
accuracy: 0.395833333333

             precision    recall  f1-score   support

          1       0.00      0.00      0.00         8
          2       0.22      0.22      0.22         9
          3       0.38      0.43      0.40        14
          4       0.48      0.65      0.55        17

avg / total       0.32      0.40      0.35        48

predict results details:

                count  error_type   percent
target predict                             
1      2            3           1  0.375000
       3            4           2  0.500000
       4            1           3  0.125000
2      2            2           0  0.222222
       3            2           1  0.222222
       4            5           2  0.555556
3      2            2           1  0.142857
       3            6           0  0.428571
       4            6           1  0.428571
4      2            2           2  0.117647
       3            4           1  0.235294
       4           11           0  0.647059
==========================================

KNeighborsClassifier: 
accuracy: 0.479166666667

             precision    recall  f1-score   support

          1       0.67      0.25      0.36         8
          2       0.20      0.11      0.14         9
          3       0.47      0.57      0.52        14
          4       0.52      0.71      0.60        17

avg / total       0.47      0.48      0.45        48

predict results details:

                count  error_type   percent
target predict                             
1      1            2           0  0.250000
       2            1           1  0.125000
       3            2           2  0.250000
       4            3           3  0.375000
2      2            1           0  0.111111
       3            4           1  0.444444
       4            4           2  0.444444
3      2            2           1  0.142857
       3            8           0  0.571429
       4            4           1  0.285714
4      1            1           3  0.058824
       2            1           2  0.058824
       3            3           1  0.176471
       4           12           0  0.705882
==========================================

GaussianNB: 
accuracy: 0.479166666667

             precision    recall  f1-score   support

          1       0.67      0.25      0.36         8
          2       0.17      0.11      0.13         9
          3       0.64      0.50      0.56        14
          4       0.46      0.76      0.58        17

avg / total       0.49      0.48      0.45        48

predict results details:

                count  error_type   percent
target predict                             
1      1            2           0  0.250000
       2            2           1  0.250000
       3            1           2  0.125000
       4            3           3  0.375000
2      2            1           0  0.111111
       3            1           1  0.111111
       4            7           2  0.777778
3      2            2           1  0.142857
       3            7           0  0.500000
       4            5           1  0.357143
4      1            1           3  0.058824
       2            1           2  0.058824
       3            2           1  0.117647
       4           13           0  0.764706
==========================================

DecisionTreeClassifier: 
accuracy: 0.479166666667

             precision    recall  f1-score   support

          1       0.67      0.25      0.36         8
          2       0.17      0.11      0.13         9
          3       0.64      0.50      0.56        14
          4       0.46      0.76      0.58        17

avg / total       0.49      0.48      0.45        48

predict results details:

                count  error_type   percent
target predict                             
1      1            2           0  0.250000
       2            2           1  0.250000
       3            1           2  0.125000
       4            3           3  0.375000
2      2            1           0  0.111111
       3            1           1  0.111111
       4            7           2  0.777778
3      2            2           1  0.142857
       3            7           0  0.500000
       4            5           1  0.357143
4      1            1           3  0.058824
       2            1           2  0.058824
       3            2           1  0.117647
       4           13           0  0.764706
==========================================

GradientBoostingClassifier: 
accuracy: 0.416666666667

             precision    recall  f1-score   support

          1       0.29      0.25      0.27         8
          2       0.17      0.11      0.13         9
          3       0.64      0.50      0.56        14
          4       0.42      0.59      0.49        17

avg / total       0.41      0.42      0.41        48

predict results details:

                count  error_type   percent
target predict                             
1      1            2           0  0.250000
       2            2           1  0.250000
       3            1           2  0.125000
       4            3           3  0.375000
2      1            1           1  0.111111
       2            1           0  0.111111
       3            1           1  0.111111
       4            6           2  0.666667
3      2            2           1  0.142857
       3            7           0  0.500000
       4            5           1  0.357143
4      1            4           3  0.235294
       2            1           2  0.058824
       3            2           1  0.117647
       4           10           0  0.588235
==========================================

MLPClassifier: 
accuracy: 0.4375

             precision    recall  f1-score   support

          1       0.00      0.00      0.00         8
          2       0.11      0.11      0.11         9
          3       0.64      0.50      0.56        14
          4       0.46      0.76      0.58        17

avg / total       0.37      0.44      0.39        48

predict results details:

                count  error_type   percent
target predict                             
1      2            4           1  0.500000
       3            1           2  0.125000
       4            3           3  0.375000
2      2            1           0  0.111111
       3            1           1  0.111111
       4            7           2  0.777778
3      2            2           1  0.142857
       3            7           0  0.500000
       4            5           1  0.357143
4      2            2           2  0.117647
       3            2           1  0.117647
       4           13           0  0.764706
==========================================
