
SGDClassifier: 
accuracy: 0.445714285714

             precision    recall  f1-score   support

          1       0.42      0.47      0.44        58
          2       0.52      0.51      0.51        69
          3       0.37      0.40      0.39        40
          4       0.00      0.00      0.00         8

avg / total       0.43      0.45      0.44       175

predict results details:

                count  error_type   percent
target predict                             
1      1           27           0  0.465517
       2           15           1  0.258621
       3           16           2  0.275862
2      1           26           1  0.376812
       2           35           0  0.507246
       3            8           1  0.115942
3      1           11           2  0.275000
       2           13           1  0.325000
       3           16           0  0.400000
4      1            1           3  0.125000
       2            4           2  0.500000
       3            3           1  0.375000
==========================================

KNeighborsClassifier: 
accuracy: 0.462857142857

             precision    recall  f1-score   support

          1       0.41      0.48      0.44        58
          2       0.51      0.51      0.51        69
          3       0.46      0.42      0.44        40
          4       1.00      0.12      0.22         8

avg / total       0.49      0.46      0.46       175

predict results details:

                count  error_type   percent
target predict                             
1      1           28           0  0.482759
       2           21           1  0.362069
       3            9           2  0.155172
2      1           27           1  0.391304
       2           35           0  0.507246
       3            7           1  0.101449
3      1           12           2  0.300000
       2           11           1  0.275000
       3           17           0  0.425000
4      1            1           3  0.125000
       2            2           2  0.250000
       3            4           1  0.500000
       4            1           0  0.125000
==========================================

GaussianNB: 
accuracy: 0.485714285714

             precision    recall  f1-score   support

          1       0.43      0.47      0.45        58
          2       0.54      0.54      0.54        69
          3       0.49      0.50      0.49        40
          4       0.33      0.12      0.18         8

avg / total       0.48      0.49      0.48       175

predict results details:

                count  error_type   percent
target predict                             
1      1           27           0  0.465517
       2           20           1  0.344828
       3            9           2  0.155172
       4            2           3  0.034483
2      1           24           1  0.347826
       2           37           0  0.536232
       3            8           1  0.115942
3      1           11           2  0.275000
       2            9           1  0.225000
       3           20           0  0.500000
4      1            1           3  0.125000
       2            2           2  0.250000
       3            4           1  0.500000
       4            1           0  0.125000
==========================================

DecisionTreeClassifier: 
accuracy: 0.485714285714

             precision    recall  f1-score   support

          1       0.43      0.47      0.45        58
          2       0.54      0.54      0.54        69
          3       0.49      0.50      0.49        40
          4       0.33      0.12      0.18         8

avg / total       0.48      0.49      0.48       175

predict results details:

                count  error_type   percent
target predict                             
1      1           27           0  0.465517
       2           20           1  0.344828
       3            9           2  0.155172
       4            2           3  0.034483
2      1           24           1  0.347826
       2           37           0  0.536232
       3            8           1  0.115942
3      1           11           2  0.275000
       2            9           1  0.225000
       3           20           0  0.500000
4      1            1           3  0.125000
       2            2           2  0.250000
       3            4           1  0.500000
       4            1           0  0.125000
==========================================

GradientBoostingClassifier: 
accuracy: 0.485714285714

             precision    recall  f1-score   support

          1       0.43      0.47      0.45        58
          2       0.54      0.54      0.54        69
          3       0.49      0.50      0.49        40
          4       0.33      0.12      0.18         8

avg / total       0.48      0.49      0.48       175

predict results details:

                count  error_type   percent
target predict                             
1      1           27           0  0.465517
       2           20           1  0.344828
       3            9           2  0.155172
       4            2           3  0.034483
2      1           24           1  0.347826
       2           37           0  0.536232
       3            8           1  0.115942
3      1           11           2  0.275000
       2            9           1  0.225000
       3           20           0  0.500000
4      1            1           3  0.125000
       2            2           2  0.250000
       3            4           1  0.500000
       4            1           0  0.125000
==========================================

MLPClassifier: 
accuracy: 0.485714285714

             precision    recall  f1-score   support

          1       0.43      0.47      0.45        58
          2       0.54      0.54      0.54        69
          3       0.49      0.50      0.49        40
          4       0.33      0.12      0.18         8

avg / total       0.48      0.49      0.48       175

predict results details:

                count  error_type   percent
target predict                             
1      1           27           0  0.465517
       2           20           1  0.344828
       3            9           2  0.155172
       4            2           3  0.034483
2      1           24           1  0.347826
       2           37           0  0.536232
       3            8           1  0.115942
3      1           11           2  0.275000
       2            9           1  0.225000
       3           20           0  0.500000
4      1            1           3  0.125000
       2            2           2  0.250000
       3            4           1  0.500000
       4            1           0  0.125000
==========================================
