
SGDClassifier: 
accuracy: 0.280487804878

             precision    recall  f1-score   support

          1       0.25      0.07      0.11        41
          2       0.15      0.04      0.07        46
          3       0.31      0.75      0.44        48
          4       0.21      0.17      0.19        29

avg / total       0.23      0.28      0.21       164

predict results details:

                count  error_type   percent
target predict                             
1      1            3           0  0.073171
       2            9           1  0.219512
       3           23           2  0.560976
       4            6           3  0.146341
2      1            4           1  0.086957
       2            2           0  0.043478
       3           33           1  0.717391
       4            7           2  0.152174
3      1            4           2  0.083333
       2            2           1  0.041667
       3           36           0  0.750000
       4            6           1  0.125000
4      1            1           3  0.034483
       3           23           1  0.793103
       4            5           0  0.172414
==========================================

KNeighborsClassifier: 
accuracy: 0.292682926829

             precision    recall  f1-score   support

          1       0.31      0.10      0.15        41
          2       0.27      0.30      0.29        46
          3       0.32      0.52      0.39        48
          4       0.25      0.17      0.20        29

avg / total       0.29      0.29      0.27       164

predict results details:

                count  error_type   percent
target predict                             
1      1            4           0  0.097561
       2           16           1  0.390244
       3           16           2  0.390244
       4            5           3  0.121951
2      1            4           1  0.086957
       2           14           0  0.304348
       3           21           1  0.456522
       4            7           2  0.152174
3      1            4           2  0.083333
       2           16           1  0.333333
       3           25           0  0.520833
       4            3           1  0.062500
4      1            1           3  0.034483
       2            6           2  0.206897
       3           17           1  0.586207
       4            5           0  0.172414
==========================================

GaussianNB: 
accuracy: 0.25

             precision    recall  f1-score   support

          1       0.38      0.15      0.21        41
          2       0.26      0.30      0.28        46
          3       0.23      0.33      0.27        48
          4       0.20      0.17      0.19        29

avg / total       0.27      0.25      0.24       164

predict results details:

                count  error_type   percent
target predict                             
1      1            6           0  0.146341
       2           14           1  0.341463
       3           16           2  0.390244
       4            5           3  0.121951
2      1            4           1  0.086957
       2           14           0  0.304348
       3           21           1  0.456522
       4            7           2  0.152174
3      1            5           2  0.104167
       2           19           1  0.395833
       3           16           0  0.333333
       4            8           1  0.166667
4      1            1           3  0.034483
       2            7           2  0.241379
       3           16           1  0.551724
       4            5           0  0.172414
==========================================

DecisionTreeClassifier: 
accuracy: 0.262195121951

             precision    recall  f1-score   support

          1       0.39      0.17      0.24        41
          2       0.27      0.30      0.29        46
          3       0.24      0.33      0.28        48
          4       0.23      0.21      0.22        29

avg / total       0.28      0.26      0.26       164

predict results details:

                count  error_type   percent
target predict                             
1      1            7           0  0.170732
       2           13           1  0.317073
       3           16           2  0.390244
       4            5           3  0.121951
2      1            4           1  0.086957
       2           14           0  0.304348
       3           21           1  0.456522
       4            7           2  0.152174
3      1            6           2  0.125000
       2           18           1  0.375000
       3           16           0  0.333333
       4            8           1  0.166667
4      1            1           3  0.034483
       2            7           2  0.241379
       3           15           1  0.517241
       4            6           0  0.206897
==========================================

GradientBoostingClassifier: 
accuracy: 0.262195121951

             precision    recall  f1-score   support

          1       0.39      0.17      0.24        41
          2       0.27      0.30      0.29        46
          3       0.24      0.33      0.28        48
          4       0.23      0.21      0.22        29

avg / total       0.28      0.26      0.26       164

predict results details:

                count  error_type   percent
target predict                             
1      1            7           0  0.170732
       2           13           1  0.317073
       3           16           2  0.390244
       4            5           3  0.121951
2      1            4           1  0.086957
       2           14           0  0.304348
       3           21           1  0.456522
       4            7           2  0.152174
3      1            6           2  0.125000
       2           18           1  0.375000
       3           16           0  0.333333
       4            8           1  0.166667
4      1            1           3  0.034483
       2            7           2  0.241379
       3           15           1  0.517241
       4            6           0  0.206897
==========================================

MLPClassifier: 
accuracy: 0.262195121951

             precision    recall  f1-score   support

          1       0.39      0.17      0.24        41
          2       0.27      0.30      0.29        46
          3       0.24      0.33      0.28        48
          4       0.23      0.21      0.22        29

avg / total       0.28      0.26      0.26       164

predict results details:

                count  error_type   percent
target predict                             
1      1            7           0  0.170732
       2           13           1  0.317073
       3           16           2  0.390244
       4            5           3  0.121951
2      1            4           1  0.086957
       2           14           0  0.304348
       3           21           1  0.456522
       4            7           2  0.152174
3      1            6           2  0.125000
       2           18           1  0.375000
       3           16           0  0.333333
       4            8           1  0.166667
4      1            1           3  0.034483
       2            7           2  0.241379
       3           15           1  0.517241
       4            6           0  0.206897
==========================================
