
SGDClassifier: 
accuracy: 0.44635193133

             precision    recall  f1-score   support

          1       0.45      0.12      0.20        40
          2       0.33      0.08      0.13        49
          3       0.41      0.95      0.58        84
          4       0.88      0.25      0.39        60

avg / total       0.52      0.45      0.37       233

predict results details:

                count  error_type   percent
target predict                             
1      1            5           0  0.125000
       2            4           1  0.100000
       3           29           2  0.725000
       4            2           3  0.050000
2      1            2           1  0.040816
       2            4           0  0.081633
       3           43           1  0.877551
3      1            1           2  0.011905
       2            3           1  0.035714
       3           80           0  0.952381
4      1            3           3  0.050000
       2            1           2  0.016667
       3           41           1  0.683333
       4           15           0  0.250000
==========================================

KNeighborsClassifier: 
accuracy: 0.489270386266

             precision    recall  f1-score   support

          1       0.41      0.17      0.25        40
          2       0.42      0.41      0.41        49
          3       0.48      0.86      0.61        84
          4       0.88      0.25      0.39        60

avg / total       0.56      0.49      0.45       233

predict results details:

                count  error_type   percent
target predict                             
1      1            7           0  0.175000
       2           12           1  0.300000
       3           20           2  0.500000
       4            1           3  0.025000
2      1            3           1  0.061224
       2           20           0  0.408163
       3           25           1  0.510204
       4            1           2  0.020408
3      1            2           2  0.023810
       2           10           1  0.119048
       3           72           0  0.857143
4      1            5           3  0.083333
       2            6           2  0.100000
       3           34           1  0.566667
       4           15           0  0.250000
==========================================

GaussianNB: 
accuracy: 0.519313304721

             precision    recall  f1-score   support

          1       0.47      0.17      0.25        40
          2       0.40      0.45      0.42        49
          3       0.51      0.83      0.63        84
          4       0.85      0.37      0.51        60

avg / total       0.57      0.52      0.49       233

predict results details:

                count  error_type   percent
target predict                             
1      1            7           0  0.175000
       2           13           1  0.325000
       3           17           2  0.425000
       4            3           3  0.075000
2      1            2           1  0.040816
       2           22           0  0.448980
       3           24           1  0.489796
       4            1           2  0.020408
3      1            1           2  0.011905
       2           13           1  0.154762
       3           70           0  0.833333
4      1            5           3  0.083333
       2            7           2  0.116667
       3           26           1  0.433333
       4           22           0  0.366667
==========================================

DecisionTreeClassifier: 
accuracy: 0.523605150215

             precision    recall  f1-score   support

          1       0.50      0.17      0.26        40
          2       0.40      0.45      0.42        49
          3       0.51      0.83      0.63        84
          4       0.85      0.38      0.53        60

avg / total       0.57      0.52      0.50       233

predict results details:

                count  error_type   percent
target predict                             
1      1            7           0  0.175000
       2           13           1  0.325000
       3           17           2  0.425000
       4            3           3  0.075000
2      1            2           1  0.040816
       2           22           0  0.448980
       3           24           1  0.489796
       4            1           2  0.020408
3      1            1           2  0.011905
       2           13           1  0.154762
       3           70           0  0.833333
4      1            4           3  0.066667
       2            7           2  0.116667
       3           26           1  0.433333
       4           23           0  0.383333
==========================================

GradientBoostingClassifier: 
accuracy: 0.523605150215

             precision    recall  f1-score   support

          1       0.50      0.17      0.26        40
          2       0.40      0.45      0.42        49
          3       0.51      0.83      0.63        84
          4       0.85      0.38      0.53        60

avg / total       0.57      0.52      0.50       233

predict results details:

                count  error_type   percent
target predict                             
1      1            7           0  0.175000
       2           13           1  0.325000
       3           17           2  0.425000
       4            3           3  0.075000
2      1            2           1  0.040816
       2           22           0  0.448980
       3           24           1  0.489796
       4            1           2  0.020408
3      1            1           2  0.011905
       2           13           1  0.154762
       3           70           0  0.833333
4      1            4           3  0.066667
       2            7           2  0.116667
       3           26           1  0.433333
       4           23           0  0.383333
==========================================

MLPClassifier: 
accuracy: 0.523605150215

             precision    recall  f1-score   support

          1       0.50      0.17      0.26        40
          2       0.40      0.45      0.42        49
          3       0.51      0.83      0.63        84
          4       0.85      0.38      0.53        60

avg / total       0.57      0.52      0.50       233

predict results details:

                count  error_type   percent
target predict                             
1      1            7           0  0.175000
       2           13           1  0.325000
       3           17           2  0.425000
       4            3           3  0.075000
2      1            2           1  0.040816
       2           22           0  0.448980
       3           24           1  0.489796
       4            1           2  0.020408
3      1            1           2  0.011905
       2           13           1  0.154762
       3           70           0  0.833333
4      1            4           3  0.066667
       2            7           2  0.116667
       3           26           1  0.433333
       4           23           0  0.383333
==========================================
