
SGDClassifier: 
accuracy: 0.55364806867

             precision    recall  f1-score   support

          1       0.35      0.45      0.39        40
          2       0.62      0.42      0.50        50
          3       0.60      0.87      0.71        83
          4       0.67      0.30      0.41        60

avg / total       0.58      0.55      0.53       233

predict results details:

                count  error_type   percent
target predict                             
1      1           18           0  0.450000
       2            7           1  0.175000
       3           11           2  0.275000
       4            4           3  0.100000
2      1            9           1  0.180000
       2           21           0  0.420000
       3           18           1  0.360000
       4            2           2  0.040000
3      1            6           2  0.072289
       2            2           1  0.024096
       3           72           0  0.867470
       4            3           1  0.036145
4      1           19           3  0.316667
       2            4           2  0.066667
       3           19           1  0.316667
       4           18           0  0.300000
==========================================

KNeighborsClassifier: 
accuracy: 0.412017167382

             precision    recall  f1-score   support

          1       0.31      0.38      0.34        40
          2       0.30      0.52      0.38        50
          3       0.55      0.57      0.56        83
          4       0.67      0.13      0.22        60

avg / total       0.48      0.41      0.40       233

predict results details:

                count  error_type   percent
target predict                             
1      1           15           0  0.375000
       2           16           1  0.400000
       3            8           2  0.200000
       4            1           3  0.025000
2      1            6           1  0.120000
       2           26           0  0.520000
       3           17           1  0.340000
       4            1           2  0.020000
3      1           13           2  0.156627
       2           21           1  0.253012
       3           47           0  0.566265
       4            2           1  0.024096
4      1           15           3  0.250000
       2           23           2  0.383333
       3           14           1  0.233333
       4            8           0  0.133333
==========================================
