
SGDClassifier: 
accuracy: 0.494505494505

             precision    recall  f1-score   support

          1       0.55      0.67      0.60        39
          2       0.36      0.38      0.37        26
          3       0.50      0.32      0.39        19
          4       0.75      0.43      0.55         7

avg / total       0.50      0.49      0.49        91

predict results details:

                count  error_type   percent
target predict                             
1      1           26           0  0.666667
       2           10           1  0.256410
       3            3           2  0.076923
2      1           14           1  0.538462
       2           10           0  0.384615
       3            2           1  0.076923
3      1            6           2  0.315789
       2            6           1  0.315789
       3            6           0  0.315789
       4            1           1  0.052632
4      1            1           3  0.142857
       2            2           2  0.285714
       3            1           1  0.142857
       4            3           0  0.428571
==========================================

KNeighborsClassifier: 
accuracy: 0.472527472527

             precision    recall  f1-score   support

          1       0.46      0.95      0.62        39
          2       0.62      0.19      0.29        26
          3       0.00      0.00      0.00        19
          4       0.50      0.14      0.22         7

avg / total       0.42      0.47      0.37        91

predict results details:

                count  error_type   percent
target predict                             
1      1           37           0  0.948718
       2            2           1  0.051282
2      1           20           1  0.769231
       2            5           0  0.192308
       3            1           1  0.038462
3      1           17           2  0.894737
       2            1           1  0.052632
       4            1           1  0.052632
4      1            6           3  0.857143
       4            1           0  0.142857
==========================================
