
GradientBoostingClassifier: 
accuracy: 0.392756680731

             precision    recall  f1-score   support

          1       0.40      0.48      0.44       817
          2       0.37      0.34      0.35       785
          3       0.31      0.13      0.18       532
          4       0.41      0.55      0.47       710

avg / total       0.38      0.39      0.38      2844

predict results details:

                count  error_type   percent
target predict                             
1      1          394           0  0.482252
       2          195           1  0.238678
       3           43           2  0.052632
       4          185           3  0.226438
2      1          271           1  0.345223
       2          264           0  0.336306
       3           61           1  0.077707
       4          189           2  0.240764
3      1          148           2  0.278195
       2          136           1  0.255639
       3           69           0  0.129699
       4          179           1  0.336466
4      1          160           3  0.225352
       2          111           2  0.156338
       3           49           1  0.069014
       4          390           0  0.549296
==========================================
