
GradientBoostingClassifier: 
accuracy: 0.510466138962

             precision    recall  f1-score   support

          1       0.52      0.62      0.56      1633
          2       0.53      0.46      0.49      1569
          3       0.68      0.12      0.20      1063
          4       0.48      0.74      0.58      1420

avg / total       0.54      0.51      0.48      5685

predict results details:

                count  error_type   percent
target predict                             
1      1         1006           0  0.616044
       2          270           1  0.165340
       3           13           2  0.007961
       4          344           3  0.210655
2      1          462           1  0.294455
       2          728           0  0.463990
       3           19           1  0.012110
       4          360           2  0.229446
3      1          275           2  0.258702
       2          244           1  0.229539
       3          123           0  0.115710
       4          421           1  0.396049
4      1          208           3  0.146479
       2          142           2  0.100000
       3           25           1  0.017606
       4         1045           0  0.735915
==========================================
