
MultinomialNB: 
accuracy: 0.516877637131

             precision    recall  f1-score   support

          1       0.53      0.63      0.57       817
          2       0.54      0.50      0.52       785
          3       0.71      0.09      0.16       532
          4       0.48      0.73      0.58       710

avg / total       0.55      0.52      0.48      2844

predict results details:

                count  error_type   percent
target predict                             
1      1          512           0  0.626683
       2          147           1  0.179927
       3            3           2  0.003672
       4          155           3  0.189718
2      1          216           1  0.275159
       2          394           0  0.501911
       3            9           1  0.011465
       4          166           2  0.211465
3      1          132           2  0.248120
       2          110           1  0.206767
       3           47           0  0.088346
       4          243           1  0.456767
4      1          108           3  0.152113
       2           78           2  0.109859
       3            7           1  0.009859
       4          517           0  0.728169
==========================================
